1.556931462	5.994595148
2.520767032	4.830683151
-0.436073454	6.795880887
0.189315158	7.397326837
0.048111554	8.053050912
-0.529070317	8.253631974
2.791099692	5.802152747
0.123560645	8.933382601
1.941395073	5.476282741
-0.436056731	8.384557636
2.858296267	5.056616842
-0.57118627	6.849791718
2.875678453	4.703339515
-0.367301673	8.002791179
0.699606235	7.302422241
2.466337148	5.499131964
0.775727785	7.612856965
-0.327793209	8.994333154
2.368295834	5.042655976
1.986490718	4.330163207
2.430181109	5.765553043
2.467208264	4.540793056
1.214929869	4.737368923
0.719813933	7.843298738
-0.153307154	6.556597362
-0.008758367	8.367878595
0.254128074	6.580206619
0.878008564	8.190681225
-0.162616081	6.40734564
2.657075257	5.359174653
0.345299137	8.32483683
1.953999231	4.748181082
2.398904917	6.259242215
0.465913561	7.087435057
1.24901364	5.594408196
2.794267587	5.477677936
-0.650522094	7.916836826
2.148367879	5.99631476
0.752805611	7.758085317
1.715586607	4.845470873
2.839638061	4.885035287
-0.634525025	7.76214958
1.94646638	4.482506613
1.311493173	5.548130335
2.302727153	5.841140423
2.715835109	5.950345584
-0.147416845	7.177633645
2.626062591	4.605753224
1.299455594	5.642569231
-0.287455934	8.073640664
1.094472511	5.411804689
0.621101179	8.057235767
2.318001178	5.791220544
-0.378628813	8.733120194
2.266357035	4.782338943
-0.347279262	8.906103066
2.770616318	4.948797576
2.750900153	5.072674007
0.133611343	9.205245064
0.526749161	8.601813032
2.680059505	5.364511847
0.34256352	6.737053875
1.0029604	8.214743411
2.311616738	6.207244055
1.411196925	5.406602873
-0.384320276	8.056859944
-0.185116856	7.730831867
0.916776025	7.040770528
1.854457275	4.845093083
0.963431969	7.639473181
0.376197869	8.517036097
1.181792127	5.527537492
1.58519327	5.163323223
2.300416211	4.670674459
0.302446867	7.535995627
1.529032799	5.124758527
-0.687807011	7.208909354
1.172994763	5.449239737
2.434177971	4.395044118
2.490191898	5.628831307
1.074183969	5.182186783
0.149151459	9.097042301
1.374498759	5.229310437
0.186777324	7.210804236
0.597225706	8.858025263
-0.564769442	8.61754851
0.037095646	6.380420012
-0.050165906	6.982738434
0.252573777	8.746504572
2.387010027	5.171536435
2.033901002	5.289295901
1.863519522	6.18767468
-0.744189407	8.534134096
1.671383916	5.797473376
0.654482892	8.413571089
0.680528672	7.743067969
-0.569464269	6.99595231
-0.359022658	8.249051298
2.481965025	5.852161207
2.85953292	5.415806295
