8.229017489	1.166666236
38.00754896	-5.216875792
13.72526018	7.038423359
11.07622589	10.82375086
29.09768547	-4.983196838
18.26660765	7.796329144
30.44708082	-3.12923107
30.23729468	-1.355036425
21.19820017	5.537559578
27.2725511	-8.318681161
13.70784743	6.578963131
36.82097401	-4.085893584
38.59007771	-3.702482434
2.538640736	7.035402033
2.730712683	7.103220135
37.63218227	-5.720297317
18.62127483	5.48591994
2.611585814	8.938454716
3.256031413	3.437001317
36.195963	-4.181263305
5.165221339	10.3759276
44.15953442	-5.915969079
12.21024424	1.143091335
12.85912	7.759557061
14.70205292	4.133878455
17.42520632	7.017919702
33.81396435	-8.574129263
35.58355524	-6.303744908
22.07033156	5.387678465
5.747635367	3.006715849
36.39736694	-3.495547195
41.16975492	-0.710575358
24.92202672	-7.25894518
26.86762519	-4.150169484
16.85623004	2.939486411
44.69555891	0.085067994
8.670794072	6.164161108
29.38774714	-1.765816977
39.79148722	-4.633437562
21.9531868	3.755343018
28.08999655	-3.510856573
15.35306721	4.351687677
7.337398613	10.71132949
4.518053378	2.420666385
25.43544467	-7.367559387
4.163160771	1.909942374
6.689517316	9.472619417
10.90428247	9.253412508
34.33322611	-7.290454632
16.38492784	10.72473447
37.60319912	-3.230209256
3.383470001	5.59207378
8.86489022	9.916286914
42.93465013	-1.224821262
34.88028249	-2.391532187
4.868354243	5.693253506
33.56027997	-8.373920619
41.59272795	-3.070081247
4.184943876	4.824298141
7.55758163	7.469592774
43.76482697	-0.371528138
34.282013	-2.607831568
17.10679506	7.062546493
14.54084025	5.325901664
4.37346755	6.694956708
41.48996347	-5.07671021
5.07628137	2.480989482
31.40677579	-4.741370844
11.24678873	2.373192346
36.78161422	0.196924273
42.11129173	-1.539277739
31.83492049	-0.177815355
44.28048314	-9.445973347
41.93736587	-6.715716912
18.42283674	8.045451992
18.48150608	1.610753618
8.000529361	8.156564463
13.80295194	7.291698236
25.74536143	-8.857679476
14.00230251	3.834015836
38.5119081	-1.354239747
36.86353145	-8.543621693
11.3340802	5.965961081
22.36141613	8.510267274
36.62916446	-4.561284078
26.47830084	-6.085475961
26.41797424	-9.106902893
41.8670626	-2.910218882
26.54658306	-0.481129869
42.12961604	-8.743198715
28.94120431	-3.087269287
18.47992301	4.463859747
36.06601409	-8.758583715
17.21976617	5.406334625
19.31265984	6.776667775
11.34127844	4.345405609
36.2452353	-9.616954436
40.31715779	-7.845745324
25.9745766	-4.508722715
26.84501528	-3.068271938
19.94415026	2.713876911
36.91088997	-1.989230311
9.692716709	10.57867651
8.168208055	10.0144936
9.218381741	5.701214496
6.23187499	3.57836692
8.383167184	5.771381156
27.19466456	-2.244378963
37.1526244	-0.899544802
41.59957779	-7.21183985
13.5036113	3.17506994
2.809427858	6.080016806
3.580598395	8.487795194
6.864561519	3.378194622
42.1158998	-6.091869962
12.90122623	3.356222472
7.060153226	4.061228336
28.61563862	0.164635821
28.44687091	-6.385574187
29.05971554	-1.684973902
4.166545043	8.875004483
43.14141184	-0.380423513
2.942699237	11.10165314
37.32605405	-6.893372355
35.03105148	0.256106403
6.636835892	10.93402133
7.646185327	3.777938102
29.35362448	-9.596500839
30.76609471	-2.005287082
38.92949605	-3.948873076
12.39771542	3.007252656
21.82215141	9.328607812
6.932485255	6.707063188
38.92612577	-8.424641632
15.72919964	8.849413719
33.77837635	-3.683179878
6.19011266	4.912371561
22.2856316	1.206903866
34.60387665	-6.270325772
14.11719238	7.957996679
18.18818687	7.63380734
15.49782154	5.911187554
41.2165456	-3.873766963
41.73298411	-7.148241024
28.53810635	-0.257980469
32.03111886	-9.522307093
8.011522644	4.290926981
44.00328271	-6.575792763
44.52133521	-1.225438823
9.732753433	9.322358848
30.67576448	-2.331259784
30.46041199	-8.543956188
12.65404952	3.483255328
12.04601003	10.06140911
10.72639836	6.605811267
41.68791612	-5.310030561
42.5372057	-0.507519488
29.53178217	-3.999392168
14.0746989	5.272292477
28.7617944	-5.405364302
6.923503537	3.005593871
28.56489988	-5.70257738
19.14040067	3.396673516
26.33205951	-7.775217964
15.25725733	4.756235668
42.86516932	-2.664679459
26.03906266	-2.62108475
16.53223036	4.536282555
44.01266839	-8.907417013
10.39140192	9.53618337
39.29133485	-6.731528539
41.43887997	-7.132407198
36.42148741	-6.860294252
44.47327966	-5.849212372
42.52703433	-2.549092374
9.625039858	1.21884756
42.4316324	-1.171034214
10.84446851	8.249502725
37.31787052	-6.12389009
42.47784537	-4.531874567
28.23258537	-8.732613713
31.41270581	-4.425661235
4.604162077	9.895943018
25.06570567	-2.922462252
11.55858264	2.910689356
2.618851893	4.78093592
33.38412787	-9.07816701
21.0890123	10.21302988
29.07339036	-6.361539443
42.52960699	-7.931876894
36.72492635	-7.238248032
29.97773426	-1.047103361
9.075876662	10.5858416
6.518431088	9.665547527
42.04065146	-9.355044078
9.37346019	4.92581113
11.08181143	10.24554729
43.25365025	-9.000754994
11.74256292	3.737389353
6.769812225	1.875184143
4.627953057	7.134393284
30.36717785	-6.232563197
10.2393861	9.305134272
43.43856569	-1.219775176
17.49717185	1.776246949
35.53549343	-3.185070266
25.02378473	-8.347277109
22.15751772	2.000136085
41.26266469	-4.818396719
6.255606852	5.297012708
9.298493692	9.221315345
29.19823005	-7.062652709
17.29923651	8.37008798
31.07076787	-3.687501181
37.94633583	-4.613444796
10.91273958	3.18570168
21.17352507	3.696840223
19.89193651	10.76545802
22.38057837	3.708712088
3.783642109	3.428758215
32.72796756	-4.532218017
9.053671647	4.191018121
3.073659402	4.884404914
6.218961669	2.109357481
16.52354318	8.619170386
43.48636892	-5.093591247
38.01735063	-5.696100564
29.37991769	-0.497952154
36.63752576	-3.447742053
5.538754524	5.294323076
41.49169647	-4.653997453
36.1392031	-6.577203206
38.04281591	-5.267617072
44.38717543	-5.658855624
28.55371478	-7.858040314
30.45236237	-6.227478762
21.99494259	3.836569018
43.25286189	-6.276507252
11.79039075	6.863651965
6.203399368	5.56364054
41.38028487	-2.570810154
35.51619865	-4.449825351
7.062968012	10.59975264
35.34182489	-5.527196978
20.49067217	8.616483479
25.33288562	-1.231458756
42.3808581	-3.745602048
28.588983	-2.196826644
24.87648667	0.036997386
31.47036129	-8.737393566
21.83145924	9.746892626
24.74619753	-6.659353605
6.423997536	10.48038972
38.68951344	-0.662137465
15.36798134	10.64664218
17.36375855	1.392762042
30.57846998	-7.663888932
36.65260858	-2.616685963
37.91020689	-4.267567386
8.674735126	1.452663052
18.7423614	2.254470772
12.29124709	6.963395713
42.41288249	-3.883980651
40.70762433	-7.558667855
12.3839851	2.777028236
2.559386563	8.828199176
36.8562002	-2.091315175
42.52189177	-3.528902795
10.90720175	1.227206274
6.992799115	3.82122017
26.24828271	-9.406657882
18.75402302	2.41655948
7.689533766	5.419008313
41.95321036	-1.23875618
17.95030663	4.327756766
3.936051697	7.257609608
34.30534301	-0.500088213
38.86650103	-9.014334654
16.97687808	8.670356986
21.33616309	1.867838112
16.70217791	5.901701595
35.84669966	-6.311638873
4.889910693	6.298748815
2.713165572	9.724035061
16.14643386	4.246353497
11.16672063	9.435341717
29.36697499	-0.493576629
10.52002839	10.82655118
19.2745776	3.869379762
7.148339379	9.686558969
34.92635132	-4.695276492
6.502299583	4.66828655
33.75932813	0.29963241
5.904673565	1.145774358
32.13496289	-0.630517734
15.79506821	3.44999827
38.18421458	-2.875546959
29.1450206	-3.414520182
12.69489219	5.236850976
36.83142514	0.330170614
36.39798159	-3.332030917
35.2420341	-9.260945266
26.5235898	-8.840596933
25.68470136	-7.940477641
4.86839251	3.930315974
28.06296944	-6.215493935
8.864016721	1.389730337
4.423857303	10.72225556
21.24713274	6.327509615
31.55453672	-8.322392449
41.07605634	-7.253920797
12.9366277	2.933796129
13.60919215	3.913123021
6.0319059	4.211912754
17.59367173	6.390351908
17.82186222	5.764206702
19.33214988	3.983083893
31.53251822	-7.259886594
30.84086872	-1.927703357
7.234699844	4.636126919
43.4000311	-6.191734318
42.17642097	-0.941244477
34.81796504	-6.865179893
4.666360543	10.41403312
34.93023216	-7.083479277
36.49666495	-1.551261561
19.41743023	8.263138897
43.29186983	-6.248840313
40.37445356	-2.129146599
20.18957167	3.148814831
29.88908736	-5.535790272
4.220677301	10.77026812
30.88646705	-2.320133111
18.06893049	4.451793059
44.72169863	-7.118002217
35.86992192	-0.116610285
24.87369843	-1.187517753
37.18597695	-8.425907168
10.99682983	5.785211282
21.60125767	3.992701573
6.13688684	5.365586101
37.93945952	-2.627020756
29.33443101	-7.035467244
19.41229686	4.623974267
31.41447502	-2.686964704
33.71637862	-6.586339136
27.98530138	-1.384108033
11.5835779	4.159545684
44.41356398	-2.030033353
34.3704377	-7.189116858
30.36082609	-0.373166828
38.84707391	-2.04097836
17.7250773	3.942406172
29.90177379	-4.324061775
35.50695339	-2.425673192
40.91463871	-7.665018372
38.03817292	-6.655914582
31.98793506	-7.556743278
5.297042615	1.863938995
36.57740966	-8.212789378
35.50999501	-5.657300528
9.694655122	4.042166179
21.68585134	4.028594619
37.07418583	0.031411734
14.16152338	5.487417063
27.40352508	-0.087582584
44.19413016	-4.108671521
7.934353629	8.534306343
38.03442397	-2.634245322
28.3193158	-6.792746203
21.32429347	1.702837516
8.113370221	8.872868455
42.27510175	-1.654120352
12.10670693	9.963327426
40.9481766	-7.636813399
40.84272821	-0.520238297
40.97467814	-7.098632639
26.68760918	-5.210242227
17.33790975	10.67495266
36.23400288	-0.500667634
40.39522401	-0.699133506
8.403657054	4.633836808
11.93828786	8.397898353
25.66767216	-3.790649406
25.94318266	-1.16079415
42.57055565	-9.572190843
15.75073485	6.657211819
20.62672928	1.347303204
25.69405729	-6.501854816
42.89700932	-4.671836161
21.07524902	2.26687362
6.342409449	8.24505664
5.111141427	10.71479553
2.997033622	6.549314932
11.76044644	7.412182179
5.909981049	4.901329741
22.13415018	2.597498637
34.81754809	-4.734286409
10.05528933	6.263460747
32.4883043	-1.051883609
15.61145813	8.950466153
18.28684647	6.877301134
18.87221832	10.843482
36.95232023	-2.091193512
42.1032268	-3.51062244
7.135222348	3.360052323
41.34045963	-7.385988275
2.843916854	6.514773721
9.08597519	6.827913809
9.245313168	4.298238851
12.96258665	4.104967353
37.04503201	-1.204352233
21.82840939	6.905555306
2.718367999	1.162122025
2.969352321	1.577737036
17.45834217	3.057406287
34.86631641	-8.672816445
41.71453856	-3.203632329
20.78940989	7.780252542
5.945562385	5.891693729
19.24275689	2.705289746
14.66218713	7.805264352
16.04873329	8.537617541
27.84380256	-5.92532133
42.2103447	-2.763187933
34.23746344	-3.405327895
35.17424162	-6.27781428
24.75023645	-0.215711982
25.15167464	-6.921362876
6.324353682	8.855549334
3.219027853	4.234837577
7.384646712	8.248417846
19.57487738	3.484796773
25.26828821	-8.605494263
21.65730665	1.71250976
43.0569091	-1.495362592
30.10364547	-2.972510181
19.07515625	5.489529948
16.28222804	2.767665484
16.07312446	2.269971848
33.93441986	-4.73666722
31.34096956	-7.150884783
38.76035275	-8.972818323
12.35462658	10.84099985
30.43503815	-0.572205244
35.96399701	-3.316526548
32.74508285	-1.694874171
42.03566578	-3.826449799
16.59193508	8.939281692
34.00680973	-5.839846085
16.18093702	8.111160588
17.84125554	9.094054203
15.79331072	6.165476987
27.69860794	-9.255122341
8.9686228	10.37633196
42.19015249	-6.410350657
40.46549137	-1.790824776
42.44319182	-6.444768174
32.31427569	-2.802117774
29.22953956	-7.484940178
14.12746355	8.529272805
38.95132439	-8.379959445
38.64560913	-7.001257734
15.34474342	3.025774604
14.91547114	9.161162838
40.47401472	-1.29194764
15.76705477	8.310612965
8.225853775	5.512892835
36.96413693	-7.986132411
3.192625867	1.760768789
6.599093822	9.506391019
42.78452677	-3.7090979
34.72743715	-5.282411747
5.475354216	9.022893026
29.02238143	-7.971593043
42.53682966	-1.045068818
15.46571323	3.344082816
39.85044334	-2.730423318
34.79026313	-7.294235359
16.57785719	5.961494773
4.877552858	6.366809748
38.91694549	-1.617740626
13.12910911	4.200739804
34.03817072	-0.482382885
31.18912835	-0.45394674
36.16545395	-2.840517385
35.66266981	-3.343601404
25.99631226	-7.505276331
30.26681923	-4.706930861
28.34920148	-3.143435256
3.679328502	6.63628648
31.50573595	-5.522856325
39.71457455	-9.410939838
19.04374695	4.684752933
37.39679469	-3.932621273
35.34360674	-5.203284351
43.60438409	-6.500675536
33.78775953	-2.980362095
15.35283315	5.418318387
11.27423477	10.90366942
30.27749924	-0.77171173
38.21922348	-0.686485645
30.64570234	-6.352375187
9.518026252	3.765445709
27.724522	-7.489091358
27.49369484	-4.946199846
5.125662898	7.244712651
2.65933946	7.283797496
39.34204733	-9.070473083
28.26915642	0.181761873
3.052111488	2.289000554
9.907226023	6.075923608
36.11472631	-4.157791223
5.560614993	5.469222633
27.84904184	0.178946671
26.17704036	-2.97119176
21.80037699	3.367461657
12.13968845	8.760514772
41.26210197	-6.262935684
38.88190805	-0.262301227
3.995393212	9.418246398
10.35182726	10.47017132
44.02532933	-2.400197381
42.04854798	-1.208852539
7.547769194	1.269070141
13.90545147	2.391168767
25.58542841	-1.750239153
7.234116587	8.369466864
29.62030509	0.031038846
20.22897665	8.121834529
32.93888243	-2.731503497
38.54490285	-9.43847773
4.185294284	2.036355208
4.932933277	6.246399731
43.11953948	-4.143244411
5.389343466	8.942161874
39.38167518	-9.0054601
30.96770948	-2.606069067
40.53128408	0.14023197
6.951058647	10.71060348
14.18712685	5.103772716
3.052517926	9.548675504
22.11110654	8.67289522
21.19982343	7.783125381
37.98052565	-0.330282338
15.18766794	10.29113818
25.8555656	-0.21826278
38.90851921	-0.240829977
41.91895834	-5.809421297
9.904948741	6.079096002
41.80658931	-3.583745757
5.502106519	4.151280319
3.63712618	5.434924227
24.98846558	-6.853321036
21.67974452	1.917292662
37.81067254	-9.037909543
33.64391665	-8.162987864
3.400732515	9.58066363
4.974789547	5.049277772
42.70565033	-4.011975806
9.732403042	4.024570096
31.16325789	-6.013935492
36.61205441	-5.545192765
17.32067665	3.205524901
35.06054793	-3.176899387
6.078851173	3.075326493
41.67880111	-7.296385624
41.7396743	-2.378746325
40.75624943	-0.864776079
28.19334696	-9.52776839
10.57014641	3.090456421
7.213535274	6.201710054
41.43976874	-7.294639269
8.659413842	1.161310747
10.0905498	6.122957269
38.92998259	-3.738141979
43.91004523	-7.828087651
29.58308536	-3.819641519
31.97456829	-0.485861174
26.6803228	-5.847842494
5.573432769	4.183942103
4.948011535	8.27680686
32.01933018	-5.948671837
6.71615147	4.547673183
40.87560534	-0.293399807
37.18112895	-2.215140902
35.31255757	-8.073820665
43.34412336	-5.913914751
33.17563294	-7.133264152
6.925518474	8.406173408
21.36179203	1.647318354
32.72798177	-5.492718936
27.3979873	-9.256579347
16.96785634	5.931753801
19.06609873	2.400051219
15.14565026	9.9635101
6.332977906	9.888235493
26.60651252	-2.800089171
26.74304059	-3.830832804
7.436988788	1.479709714
13.56618894	4.893821268
40.61021486	-0.474826923
5.262464263	2.517533831
18.01247451	5.534686991
28.02223354	-8.788846534
12.30308513	1.880828475
26.88129245	-5.661179071
37.77000666	-5.528416504
14.18392462	7.282940274
41.6789334	-4.120455443
36.79117205	-1.87851212
4.969861223	6.7198807
25.06562035	-9.486224293
42.83971013	-3.076714176
38.46619907	-3.176575023
43.50963351	-7.722670146
13.11467942	2.901939658
44.04969357	-1.446255947
36.29935698	-5.121451549
14.30068164	4.562005952
7.916458099	3.082585367
15.18114609	5.053549925
32.9784517	-4.977218953
8.67722364	9.131328129
4.683524129	8.095897489
14.20548065	6.088309849
31.14325156	-7.256523812
32.88343879	-6.802081505
17.5119107	9.363374835
33.06417731	-8.834706043
18.81334276	5.778423816
29.09298163	0.072366761
34.79943676	-6.308146173
32.85665157	-8.534183199
7.047347015	9.797759862
32.02748231	-4.479455861
25.5198916	-6.669670292
15.61168673	3.7796159
13.49111033	6.236120604
25.45911691	-3.297369791
36.27437596	-3.777993842
11.02614951	5.641330431
7.27248913	1.531102448
44.21375167	-4.621077952
30.35762452	-5.56515528
42.89243714	-1.079663989
40.69417148	-1.151616399
9.263123018	1.843968508
21.67661884	2.319850593
8.446930135	4.22190896
26.54097358	-0.285443046
30.65867095	-3.715671832
31.441647	-6.749546104
29.87782891	-1.61762197
16.49730406	4.195867134
25.41922418	-3.933678383
38.75812856	-2.616128156
36.61840546	-2.482067173
16.567846	8.800090035
34.61970336	-6.859169148
20.01821613	4.815903227
33.91830349	-3.399963811
13.40165521	5.708803809
17.62110228	8.578335622
6.666797283	4.094820787
10.89638463	5.125881347
13.85431183	3.585455471
9.627933313	3.309285961
4.836101431	7.117249987
28.12338109	-7.646050647
44.17168858	-0.539965745
16.45971756	9.54465085
4.78380139	7.282562495
16.59625892	9.331273898
9.481383004	6.280145402
5.26070424	9.571831308
37.42554357	-8.059777599
31.85331784	-4.478630976
17.533879	5.003275853
31.381657	-3.327441114
28.72383129	-2.576513388
12.57640955	6.73319057
43.90858911	-4.050299681
34.03406114	-4.885530762
40.38023914	-3.620097716
41.09731317	-1.368068624
10.87634069	6.32796106
28.38457493	-2.605910899
18.83697453	8.603768378
41.25809171	-4.945975901
21.90844472	7.797923491
3.063414015	10.82190835
40.91942071	-1.932442815
32.25982057	-5.695171782
4.65310729	1.932073565
5.94148813	4.782748146
35.27319427	-2.563354289
37.35192261	-2.791287662
41.8263069	-2.421743682
5.554928185	4.029890485
27.41482152	-5.080080602
34.30673149	-5.784178895
37.53595671	-2.655627089
29.26628999	-1.874443063
15.62263525	9.480152269
34.82064426	-7.609715773
40.90214234	-1.979548198
39.742841	-3.025423677
38.03332283	-5.652951011
25.12115015	-6.856142822
5.001069643	9.610160529
29.90909598	-5.953926843
27.66834515	-6.266143105
27.54230672	-6.344356368
18.88597702	3.92386104
3.331324858	4.618233318
13.2795927	7.010138195
34.9547188	-7.001266825
10.63618599	3.778086565
39.94622022	-5.19595288
7.39645136	4.637281083
32.6085372	-7.272346028
27.77681146	-4.848003307
44.14340222	-7.633416381
40.57175822	-6.73206954
3.82691734	9.824031354
28.07049731	-9.472675233
8.227097999	10.56115978
30.30608139	0.184196961
29.22558868	-6.766035727
35.14957176	-0.36895598
30.8539076	-2.961793162
41.39051278	-6.928165638
14.78662566	2.059349462
39.94420054	-5.852800335
11.6041434	8.971191964
16.79899851	1.382557788
25.4792969	-7.997091055
42.6968115	0.284976151
11.74984743	4.778769409
9.924540769	2.722664033
24.9088119	-5.608572502
2.98087639	5.55452858
41.51379917	-4.228455878
38.77423433	-8.107136878
10.32041396	10.93002596
12.52460016	3.404960187
33.7249928	-0.711377587
36.17334269	-6.041738477
16.22221961	1.996377849
16.67948264	2.462180043
20.91069682	8.411940019
44.24390187	0.142828164
34.18546818	-2.413942828
4.080733557	5.808811949
36.36179385	-6.632613346
18.54725866	9.783420341
40.95152304	-2.090756726
7.405848244	1.507027228
18.286409	4.094895207
6.512398083	8.621956653
8.214193629	10.69416015
7.795284062	7.484110857
34.43232495	-8.552187235
11.13189658	7.966698866
25.6648186	-0.767843296
16.64977148	10.62458999
40.91811309	-1.539121321
16.07494999	9.190141473
34.29338005	-1.372111582
35.27815853	-6.736894947
9.884914831	1.26942234
31.98140978	-5.254622303
12.74567978	6.989495722
44.6670137	-9.460956274
13.29094681	5.772063727
5.752354223	4.812061125
31.87285799	-8.24739791
16.78871497	1.343548146
3.415885164	7.878025083
32.5113651	-6.484770459
35.93856507	-4.832210914
27.17899921	-9.540445112
25.4723894	-1.54188483
33.56792239	-1.754035262
19.65493056	1.507213238
41.78454117	-8.947410403
32.54868855	-5.390085846
27.39605521	-2.616360444
5.175421614	9.465831767
16.87526211	9.060393586
41.4820294	-6.230895511
33.30801419	-4.458958645
27.15269008	-8.896312401
5.187485323	3.802145536
38.42519487	-1.894132522
26.02797432	-7.863593937
29.15701927	-1.320843885
11.37959268	1.977306808
5.881619562	1.808891138
36.76482673	-5.754966359
39.04678705	-7.706117299
32.09636699	-5.082935504
38.43696427	-6.455975799
16.28311346	5.034373588
38.05630744	-5.159278722
32.9549779	-7.07054798
27.86259383	-8.151318035
39.22916511	-6.668474641
31.5636589	-7.883716084
40.79682616	-0.388919661
5.192013866	1.50145881
39.37815351	-8.466187018
30.52929603	-1.729374988
8.852490636	3.345800181
21.04087965	11.02249685
36.94650885	-9.638560923
26.04987624	-2.750236924
31.88291479	-3.429707536
26.27052384	-6.686561286
3.963687734	9.57787221
39.57706575	-3.042008571
15.42907751	1.305296449
18.78195202	2.052089534
36.42942288	-7.485883844
7.991749515	8.253306526
2.680101157	5.636420262
26.12340663	-5.557434832
12.52864812	3.375912986
41.18670519	-8.030939955
7.698798186	3.717721496
22.17407555	2.693627032
40.59195152	-6.852659289
42.42166077	-4.162916851
27.17092333	-8.054779173
25.31182825	-3.705973465
3.706102489	10.2676991
2.781339719	7.692686779
2.821220851	1.54449609
26.92134318	-2.078071456
30.23933788	-7.241613925
33.50240453	-0.038652888
16.98323915	2.084805162
11.51767418	1.944277599
38.20051386	-5.310194786
44.33417398	-9.110035957
20.56709519	2.92093008
42.48489543	-5.398208463
4.72940742	5.493551909
43.87556283	-2.376275985
37.95396369	-7.593597994
25.9702463	-2.943777504
33.83005741	-8.622407566
17.9956293	10.22309187
35.86189366	-8.061593942
44.49834406	-6.594436806
14.56263452	3.51000398
5.252530361	9.164071858
43.00775408	0.139608158
8.081432503	11.0984391
44.247383	-9.443829873
9.45837321	4.505613761
43.09640969	-6.208021095
14.80225492	7.375332214
3.879096128	6.454093605
35.54905107	-8.346059177
40.60847243	-9.39439026
40.2450796	0.173059735
17.03933248	4.832058808
18.49732446	4.721046576
6.248946231	4.434105475
35.00357524	-9.352069347
29.32755062	-4.550478931
21.32572135	4.540717069
31.50472975	-8.45117007
22.31111073	1.244458446
3.56604989	7.554477672
8.699404636	4.006417551
11.16472689	6.754125837
6.413561274	5.741364675
38.21734723	-9.031057872
29.82309112	-6.386752063
7.954750464	9.166438369
22.12127914	1.981973308
19.83100203	2.068893152
41.39052205	-6.062651179
11.40763733	6.208345692
6.930587722	4.170810328
38.95655549	-3.756269984
34.48146723	-6.65606318
11.50360668	5.559189915
26.41782778	-1.123627442
11.10608041	1.683109937
43.82256583	-4.326350012
33.53676664	-9.424291312
39.08048711	-0.991512942
6.537160144	10.70291797
8.418510352	1.289899219
40.65529018	-4.339240884
22.16182832	5.949148002
12.59720548	9.72228418
4.20193325	6.710076698
25.94362592	-2.567909656
14.08852987	7.698633608
7.372296003	10.12073014
31.92090739	-0.639782126
9.599960812	6.782874865
38.55571759	-6.205443111
28.3189299	-4.472258264
15.29007062	7.585704892
10.06966451	7.117524097
3.420979725	3.715433889
8.976295002	9.141664751
13.97162005	3.870947583
10.94408547	9.724299649
21.04751533	2.198471738
13.3462446	4.205759607
12.87020673	10.65740099
8.590467231	4.4090891
15.32202894	7.170821044
38.9928632	-3.711810474
10.35385403	6.545817339
18.60186833	6.852832549
16.65440991	5.661375554
30.65290762	-3.119866016
25.88939209	-6.559217987
41.77278856	-4.454944072
27.71033444	-2.813620013
10.52361352	6.015646607
29.64110691	-1.318961075
4.493769027	5.123242671
29.42198022	-6.326300487
4.340254997	2.857080131
31.24666513	-8.306949592
37.6389779	-0.556258375
37.82096223	-5.151612663
13.09757147	8.1950944
19.9999556	3.640763442
21.02799702	8.901632084
26.60955918	-2.703441544
39.44240731	-1.968766577
17.04235094	8.053092065
5.125558281	9.694154777
22.13354894	3.645783255
10.22539115	1.80283921
13.05549515	11.02878103
39.81734917	-2.001444987
11.90999712	3.562464237
33.63701202	-3.210635121
8.964868997	4.49601243
36.71560282	-3.902769531
22.31196078	1.460154139
30.86133087	-9.335006336
9.586390651	5.86290989
21.944793	5.673308984
27.60334747	-2.069734782
32.09070973	-7.711591623
5.774797666	3.869892961
30.38191156	-2.272854931
40.47991172	-5.291706994
28.62182268	-1.356957556
28.26796226	-0.165050085
12.42952808	2.258537226
10.20855226	8.903768606
30.25772561	-1.588017559
16.35404095	2.777673245
14.01401895	2.026818448
9.859448737	10.66932253
42.56388389	-3.042936745
10.50878594	10.00715216
28.49249125	-2.052813462
7.758947259	6.287465813
18.95078424	9.150146719
39.39344505	-4.257313927
15.644136	5.902869673
32.78195576	-4.532558885
12.89632013	10.44735189
26.00076289	-3.517956616
19.7179493	7.961396746
42.59085835	-3.888195362
11.31709753	9.148041812
30.53420717	-3.387339612
17.56496659	5.452882211
20.1998957	3.474261818
18.43478555	10.94529173
4.66625575	2.426165097
31.50694553	-0.374760764
32.25670771	-4.178930866
28.69372935	-8.115761482
13.0814573	5.21713031
40.48976916	0.179033388
2.595969821	10.13156997
18.56346607	3.101144538
31.95270895	-7.153985863
31.53125649	-8.379020728
36.78689882	-6.320148146
10.75969736	1.274234398
17.49418807	5.557089726
37.27056992	-1.755896533
13.80749493	7.586834811
