50
1499675008529899567635969874985506 342092485906983490
8231738657898774825477882003520008 733432676835036692
33005828117226199296703112357921154 893330151990496330
21121803018759932680927332134277558 791115930056206618
29759381174056611298153076191971630 711270358445391694
10667439066863163552618735811579125 431796696267069140
48857196319478193129143714226025600 895479718656832390
637305644474461139426636347374996 258154938609634330
8749242599717889178711848847430184 624152050172306060
1125213206050670376999722249173144 347865271688552230
38214691979887040438939810711748400 985239661631280322
12742883515788126181649987584193088 617012139959662378
27538608282027588202037544049844775 860324171068241936
15583628386668010512642661457061200 987560222824555524
2493544018103115012031534256617164 442600108226517918
28467916588474544447374871579575198 699131769605416522
32222086856315615211326905616655492 894039296930418296
44309882443355190871714737235110448 989938753747062322
49671447039329242108138014053787024 967856164917526028
29577506675413409825041841776606604 839917037159862810
1505718680125583566802239695714015 155251715165601104
43545180372466457793525992756274302 844641088821514866
5146988781849414874170307063140692 288429430972094094
1101069435565371422567758612247170 162988102573324198
12193146961480891410870904508277948 449179479385406758
51631975818480962134152071420668670 909233302208747514
1234037558369809749642065429574774 147370113934969478
22950002534334339797699227467440572 624387433390292074
23979038803125124104332551413142756 658709687328221864
14719355389221422304254316892113460 908703671458207654
1570275257130563378335085252514634 185891183880254930
3155483134487439241621117535844396 279421242881760594
11453914142094164822807188220308500 466337393618054170
5547566765740968596096715323981110 354869496032636042
25442218460544212312281743660319860 955772561851955862
42348315043843085923165250245367132 834075129284118954
5701075215421290183223433272823800 328321686892647572
10719721079330067002878638800154831 648121080855836880
18364388443214584061239501796937900 595300745682477296
14429100253421138182615297199025612 499269494069559674
3787156551604817159522272553870151 447343514022867920
36034396723452340298606512038080835 873122936476782296
9754650362547516249350126933606140 849813387740647822
7872190090359040126844312993774520 503633780707378138
593280187181172989823661034319720 109376250135066882
41218083880728934549531073798373735 812114572834487152
27050748624486926792830393151407525 958029919007959796
28079164543905096916487931017682000 758281270522179274
14385105141356645450433152825347920 479901043837847558
6212821024231994056777979926452054 403248149164287058
