161776182389710752 9270060563780992
342695796772649984 24020541644868352
353223239786605184 93441836208643024
331923393152488704 63634571875614624
220941991069607488 134693188153088368
139343203990210640 76555144143323920
259374141926688768 188365717401727424
123935221299848800 5142248004968376
280932442998062848 31143582088090192
167203013061480128 6729622782795984
396156111383295104 96463719432345120
259377319947350592 49128750032480592
351906649565417216 78255435968703776
459894917669222656 33885193743055136
209391530334277216 11908523778981728
220402678985430752 129163205817277536
356680972279672832 90338676185536320
377633789729428096 117335587144103008
336172056858225920 147756025600537088
330452420851158400 89506097728772992
39664257893877440 37961599688923104
243463216117399808 178857328293357632
79351821755699584 64862893730347456
64395506846421160 17098544440240936
132715223230369728 91874516462333664
233399224242693376 221217426861680384
47948128274188536 25736928693296200
193729645271317280 118464071423828768
220709684486062304 108645159178048608
419242422670518016 35109413058585792
70751294855798176 22194297084329292
111379777018778080 28330844422102232
162822818868087840 70345877940939224
136917018043801008 40517729972517008
416852122568366272 61034158357611648
242160535200478528 174877029441580928
114269246101054528 49891597345269248
286666089247969600 37394451179948880
210343863827708544 87306509013530112
158733099639035776 90901647395744048
205217392573227520 18454364438206432
326040105703121536 110521362535269664
400553783567841728 24352910302482176
215243468972058368 36573421381630688
39770549111612120 14917575955921320
204624288032796064 201432998384447520
413614011027134720 65400948476845216
278214216363850560 100926418897239120
122968269635415664 116982252283508112
163663018496972192 37961056085171328