-1.431691777	0.905441683
2.287223094	-2.314738327
2.116143131	-1.878515368
-1.030566552	1.082829348
-1.048093137	0.843880777
2.581857463	1.80374517
2.066221298	-1.19977469
-1.362805926	1.086654593
2.079807011	-1.711481591
-0.592518372	1.771413563
1.860775564	-2.925291991
1.82202742	-2.40597381
-1.42828936	1.701960348
-0.76280494	2.442037557
-0.662987696	0.527068755
-0.994833442	1.11411203
-0.926875093	1.262485119
-1.669187082	1.614608487
2.662455763	-1.638369155
1.875107045	-2.612977838
1.393621019	-1.867054439
1.185481436	-3.618397618
-0.569947686	0.933085696
1.30523267	-2.281304035
3.204895255	2.263055098
2.548300288	-2.359319948
1.902302909	-2.007778477
-2.000461058	-3.205172536
-0.845161409	1.324614278
2.037186896	-2.385731782
-1.031364265	1.044024535
-1.222226108	0.620841685
1.735879781	-2.982595374
-2.62810556	0.700369589
2.381395352	-1.661041797
2.551242777	-1.506092483
-1.114952059	0.758256263
-0.237395832	0.987052294
-1.708674105	1.015933942
-1.151429774	0.594327938
2.07462893	-2.495982279
3.281283382	2.272752515
-0.422357132	1.221247438
-0.83303533	0.871036419
-1.512262604	-2.375686102
-1.013366939	2.133606742
1.838261039	-1.55549913
0.880104346	-3.211635972
-1.5612759	0.903329773
2.035776842	-1.552668999
1.500436766	-2.739540493
2.792536137	1.981775949
2.279560204	-1.878118864
-0.950473154	1.740694213
-1.428280137	0.34211093
-0.711080606	1.274543604
1.948067306	-1.438339622
1.59242901	-1.842521207
2.977693735	1.94843849
-1.796755528	0.113944759
-1.897677779	-3.388109903
1.893723254	-1.97678153
1.905465993	-2.040851794
0.743819752	-2.68529607
-0.127226928	1.953740928
-0.971890198	1.143519222
1.732641921	-1.561417518
-0.934113593	0.692294302
2.316020277	1.825885552
-2.265920216	-2.563508202
1.835335408	-2.668844957
0.045147036	1.860417379
-0.994348344	2.692379932
2.03353174	-2.049630299
-0.426625727	0.55871546
1.697068564	-1.77256382
1.695470016	-1.771441157
1.930630101	-2.598461979
-0.398194166	1.459930796
-1.998643983	-0.666889671
2.140387694	-1.240333233
-0.885815113	0.735836769
1.734770942	-1.95366283
1.989149076	-2.025969527
1.281175126	-1.377794786
1.509026784	-3.083512809
2.00284808	-2.581391884
1.777863872	-2.00452909
-2.432053256	0.510660609
1.247685297	-2.277831247
1.604881616	-2.083989582
-1.228731559	1.304523976
1.551426764	-2.45167384
-0.769505094	1.155228542
-0.135744019	-0.155444565
2.728854043	-2.30725653
2.419904977	-1.605228937
-1.640147412	1.586526429
-1.025938095	0.452327661
2.187627017	-1.670211096
