3.274145948	2.054438289
4.356463831	1.106540878
1.471412227	7.96497311
5.822311729	1.771491361
-0.340762444	7.41867987
5.954906418	2.609548945
5.55332143	4.357158163
4.042334973	1.690725084
2.444945526	2.864911476
5.391098817	2.93702276
3.287497786	1.020956527
3.410507646	3.121984441
5.031383099	3.539090707
3.864911752	4.486004377
-1.71870709	8.673645508
3.898842511	4.337272868
5.742123234	0.641811951
1.398144511	6.098960617
-0.203527662	9.345646524
-0.736639923	8.533387802
-2.802751278	9.749907921
0.733554973	8.089606523
0.406460845	8.021831509
2.195995052	6.497606779
5.107252706	1.429486476
0.327670277	6.768044237
1.935723155	6.780334762
5.297609902	2.564461982
6.270255334	3.15278214
6.331683343	2.042466332
5.594701361	1.678824731
0.207114348	7.006884201
-0.035208781	6.816137691
0.371247019	7.375049002
5.021794287	2.683874964
0.598372735	8.003944881
-0.319789075	8.654490673
3.636084424	1.424957237
2.600903552	3.106114168
-0.366662382	6.648324127
-0.359257166	6.978189079
4.266126516	2.926460303
2.893683432	1.08479071
5.166038936	3.34813273
3.771634	2.781932069
0.664341744	6.607691206
6.108185647	0.648941423
0.71964081	9.061129084
-1.867788648	8.442705552
4.026761954	2.899198159
-1.272514321	8.315979465
3.471880895	1.901117419
0.65541247	7.062267941
5.747091821	2.182962154
4.59720738	1.882011433
1.140269853	6.743189375
3.626079943	0.91094486
-1.465212867	7.248675554
1.203604817	5.561503463
1.428216041	8.82276362
1.372152008	8.513627556
3.950571007	2.905718476
1.948920463	7.425020809
5.549549808	1.205717992
2.461322091	1.78590415
1.482916036	7.381783229
1.002547135	9.422050128
1.065729557	8.87266264
-0.650759758	7.38329474
0.496840214	6.746245638
4.301323826	3.611414018
1.756532334	7.482768886
0.206527663	8.304512614
-0.070041854	7.971317435
3.871567167	3.436887171
3.855981043	2.959212855
-0.735252233	6.451454532
4.24824527	2.094855162
4.873130549	3.342854936
-0.733432999	6.585496339
4.51858355	2.048813692
1.81611477	7.182028919
4.870304607	2.907499158
0.230235677	7.894495045
2.393477494	6.897801484
-0.89507758	6.772045205
4.544312341	0.713626246
4.734764133	3.937979107
5.780711392	1.362545149
1.902147993	1.861856468
0.941257455	8.460580629
0.227702354	5.810753994
4.158528788	2.345898093
5.698769885	0.679157433
6.385023244	3.422111788
1.839184663	9.368971576
1.382796913	6.06115149
2.233015131	6.387851045
4.690888125	4.949471971
3.598508266	3.112924311
3.705624228	0.846622535
4.28905503	3.733454247
2.322981991	7.853730058
4.823823355	3.608872952
-0.131059021	6.96985796
0.910889968	5.37004626
0.217996557	5.504816954
2.195496111	6.350300479
-1.084303366	9.241548562
1.655237446	8.510061446
3.325565733	2.918222788
-1.861800074	8.091888845
4.438061075	0.640804555
4.302356815	2.983895842
1.764550837	6.788095595
2.174491167	7.084015741
1.199453125	8.906169961
1.611250693	6.622131958
2.324606512	1.848992618
1.493243274	5.58453829
0.839294648	8.006692282
-0.266240607	8.764979387
1.915430092	8.550106859
3.672057124	4.032746847
5.741448808	4.496500162
5.005091293	4.582242422
-0.540773302	8.522865728
3.151696757	3.181619692
-0.564228266	7.530643725
4.858172687	4.838553747
5.557217079	1.964530516
2.046834997	7.594582215
3.901434944	1.325943492
1.552559739	8.300113234
-0.396413434	8.789411642
0.399859611	7.222629166
4.653022733	2.785690855
3.242343697	2.763182944
4.17574348	2.093515309
2.539428635	7.981500052
1.529507711	8.939902992
0.883949551	5.168168845
0.516254949	9.446102532
5.269156943	0.581399841
3.557489578	4.056577521
1.35748951	9.194151237
4.138312337	2.175485119
-1.234760515	8.28761176
6.325307851	1.597627178
-0.466682775	9.316155733
0.111703001	7.937006213
4.868757456	5.031301727
2.286249809	2.016485467
-1.151684707	7.860690644
2.080886717	8.083144114
0.623623109	8.01593475
0.718129931	6.958685598
0.754190581	5.821261766
2.270612217	7.940050682
1.754531847	9.092246929
6.219397907	2.883916928
-1.430176695	7.315265837
0.788086282	7.226407409
2.144166776	8.474343824
4.487330084	1.628530384
0.692279921	5.426374109
4.119804656	3.210184446
3.87616412	2.559556621
0.896250189	7.5860378
0.356993691	7.950250995
5.908465294	3.560686092
1.281364778	9.205668492
0.847661374	6.562470779
1.545200431	6.44308409
0.711985412	8.550014645
2.714593999	7.708706266
3.813873069	2.28310074
-0.090723868	6.48409741
4.933788223	4.811618295
1.657276049	7.428179233
4.884023546	1.553716467
-0.12972437	6.319365708
2.669354881	2.243264927
5.975436554	1.676436597
0.808958226	8.030822706
4.499289233	2.524813555
3.518408456	3.533881367
3.215173023	2.596677739
3.092711352	8.463980485
0.150681124	9.369898297
2.524444655	8.272072459
4.001976017	2.983041217
4.848602044	1.053526439
0.206504449	5.592977456
1.672293015	7.168829914
5.202646296	0.848662428
0.552222683	5.06062986
4.221468818	0.489543321
-0.118833134	8.911310899
2.812745447	6.939577307
3.656735575	3.792654912
3.706613043	8.146033758
4.050444753	2.019340095
5.293434458	3.332301181
6.243372765	0.96123748
0.729642254	6.17587321
0.317277999	9.448587441
3.49380119	3.391079736
1.043205183	6.523708392
2.712769396	7.42053427
6.175171363	1.724607607
1.046816391	7.870700945
1.733865987	7.121189162
-0.271827551	7.642264144
4.504936458	2.771546328
4.117411118	3.119351026
0.271624222	9.058733714
4.295949248	1.588984157
5.84420353	0.736940598
-0.422113069	7.673633087
4.016623349	3.544732141
-0.398983985	9.271107248
6.82293739	0.02313998
5.300630731	2.325221186
4.225887181	2.750333827
0.46201086	5.762300734
0.627284734	6.9689989
3.727659733	3.94763647
1.01226998	7.39317419
0.946437165	8.310005085
-0.993773575	7.92471796
1.051736972	7.8818859
1.25594787	9.052187362
5.547963219	1.62721812
0.188055123	7.272864798
1.782743679	6.798268844
5.127982599	4.169384437
0.415339672	6.784300806
4.617153539	1.651622203
5.896269009	2.128438303
0.210247728	5.198995545
6.607354814	2.052691734
-1.117883682	6.33374411
4.983906235	2.069055452
4.144474035	0.776172487
5.010281645	3.803031538
2.070041452	6.725587602
5.562987118	2.017318321
3.709041854	2.415293643
2.230252803	6.274315377
3.785195475	2.552776864
1.144513946	9.093127906
5.044467073	1.993222855
4.620229694	5.460384656
0.461109683	8.325462331
5.83274608	4.307750099
-1.387286145	9.358083353
3.433765281	2.107365768
0.776843565	5.772003287
5.849940661	4.678430419
4.947558967	3.672367772
6.035797109	1.959509842
3.85970689	2.578052163
1.188408167	7.716744314
5.094112046	2.189612163
6.044356399	3.345351621
2.613752347	2.55388953
5.387254814	5.336901275
-0.762450947	6.978663477
3.958075595	4.370408663
1.758909015	6.942677151
0.145316826	8.028696262
4.780702092	3.516806074
1.466349932	8.335350843
3.308396294	2.592393619
3.08543701	3.760635092
5.025823305	1.985711771
4.472962999	1.096081977
-0.448756431	7.294085091
-0.724587861	7.680434206
3.289351302	0.986721346
4.662338231	3.686445819
0.189480063	9.217747489
4.974184524	2.282981537
4.574810955	2.283610637
5.536543053	3.09571656
-0.821982721	7.072746763
5.95538299	1.113372172
0.594313253	4.845044341
3.14647932	7.607482273
-0.077912652	6.765891005
1.76858406	7.19202614
0.460520812	4.502913449
0.231653031	8.346282901
1.187257637	8.463987747
3.654942684	0.887816159
-0.195125644	9.076478388
3.313398005	8.079350264
-0.600448179	6.787205212
0.704645357	9.101975069
6.089382167	1.605268599
-0.237033537	6.400042525
5.144299283	3.144917248
-0.614317423	6.917937609
5.357973679	2.130097207
4.993400259	2.128187808
0.677790611	7.468321452
5.544831938	2.133961021
-0.216365549	5.681083717
4.08819284	3.633105946
5.988282169	1.929157233
5.473259683	3.221190521
5.119057212	3.879384558
5.054695138	3.800951834
2.853799606	3.612932491
5.226410421	3.07589266
-0.233119252	6.971526408
3.450424732	2.542609392
5.191583763	1.714224499
-2.099645121	9.340578726
4.513407756	1.525845408
0.272284889	7.233088351
0.41362359	5.080797388
4.580432746	1.53520873
2.463372242	3.435342552
4.7286628	3.235712519
5.029336302	4.999578927
3.186665616	7.44934981
5.311662262	2.029492457
0.956702382	5.76039663
4.216761353	2.343988845
1.801073482	6.32613431
4.180797405	3.287988666
4.79277892	5.038716963
1.997378447	8.278103179
5.592064342	2.018848494
0.735924519	5.909801588
1.936479009	9.376171897
3.662058508	4.115575728
6.125105148	3.696634997
5.605537219	4.211668207
1.340839413	7.64067645
0.576866373	9.243664974
6.317748836	2.54590058
5.934834774	3.193984627
0.254084883	7.967942533
0.743989465	7.987489052
1.068391146	6.968743028
6.408639264	1.0771275
4.320966502	3.544672231
2.417167728	2.773077384
-0.126335616	7.314838129
4.151162661	2.260340966
0.627102059	5.107612467
4.804794253	5.094803552
5.416157232	2.955848317
-0.524749096	6.35862481
1.536766119	6.486605815
4.827350089	0.994420383
4.973905116	1.304301813
1.04715507	5.141127857
1.02908665	7.417535391
0.525175537	6.669270281
1.412837973	8.071287841
-1.98470624	8.662397411
5.406736141	4.722314829
4.341213244	2.881797044
-0.847783303	9.55258369
-1.345849422	8.642417136
4.329505773	1.951102097
5.268464851	-0.080600802
4.805806912	5.752456166
4.571284179	2.819836916
4.632335071	0.436767507
5.384297853	4.209146719
5.087823745	0.331302999
2.426919701	8.866194562
-0.174109097	6.709166692
3.802142703	2.361004029
5.898076388	2.552615865
-0.92178263	7.381554495
4.58365005	3.734833805
6.272426361	2.394171528
6.270966649	3.921278195
6.021710522	-0.004401637
-1.375458563	7.369677876
1.734647412	8.118076403
0.714820982	5.423057529
3.496382514	8.762009439
0.160797359	7.807144095
1.94298419	7.625672853
1.030380078	8.603135903
2.809947754	1.956149469
4.325790533	5.268639023
5.52894653	1.951119244
4.442482995	0.80570303
4.478979578	3.459566094
3.178532176	2.81335788
0.341079994	7.04466668
1.166431015	5.740261829
4.17441235	4.680604363
-0.118671609	8.820468266
-0.926487924	6.850853377
0.529703129	7.064535933
1.623750739	1.767165226
-0.607636065	6.459175982
1.207500135	8.810796454
4.447169859	2.795441195
1.580822693	6.532475659
2.429621237	8.26785664
6.169522853	4.360190074
3.691676865	2.055154725
1.03564132	7.29550547
4.835491541	3.325312221
4.880788668	2.355537388
2.746124426	3.157767267
6.280049184	1.45444301
5.616731207	2.869428649
5.029481406	0.212240955
4.887462208	1.929493347
-0.283233075	6.879392235
3.919999534	1.473802315
2.823519431	7.946071717
2.265584367	7.48208198
-0.670446475	7.388116571
5.681031986	2.106299151
-0.55292837	8.131549874
-0.141668858	7.113831954
4.396951603	1.255677884
1.888389363	8.816135667
0.226979244	6.390367249
1.329557235	7.337113683
-0.492026569	6.431666006
-0.819885785	7.415267157
0.048744115	9.14073976
4.074073311	1.278625076
0.898293682	5.971103412
3.272817133	1.340817316
4.867219082	1.810219317
0.363636918	5.274531337
5.208770766	4.869169705
1.106676551	7.947501823
0.970804559	7.545957251
0.432516563	9.3561825
6.352929533	3.489789699
1.591989281	5.759731196
0.291770922	6.897139537
-1.479375836	8.413822484
4.404255705	3.860542183
-0.348862718	7.700526356
3.286616428	1.502877839
4.192919088	2.796082512
1.819381083	8.425500724
5.804958941	2.033565886
5.683223387	-0.02782527
5.976386847	0.990298284
2.912330776	7.065685736
0.548164749	7.572681357
3.353190764	3.650597121
5.631356231	2.320412859
2.380752793	3.074850096
5.250764929	4.849419813
5.75652474	1.188244916
0.698242025	7.991541118
4.223580078	5.202672843
0.684424078	8.290915143
2.674663424	1.575472913
1.047867511	5.326588275
1.898021459	7.334465145
2.081734385	7.817722688
0.337297124	4.681486829
0.392665587	9.023372688
4.514092857	2.187687075
0.140948161	8.305657503
-0.99306205	7.735443723
6.206989526	1.211733581
4.098103917	2.831059054
0.630010175	7.03475763
1.361010712	8.516808936
-0.103773366	5.623650929
2.963823118	2.456399455
2.983770633	3.608777459
-0.387962927	7.164437718
4.717904106	1.826679145
-0.260118677	7.71645696
3.027838161	3.017915494
3.384477411	1.156085669
0.578109738	9.145658455
0.456862493	7.743273059
0.385700023	7.185986247
4.416619662	1.656321533
5.806766727	4.035429613
6.352120307	2.470283648
4.20902861	3.161852115
1.170635954	9.045221184
2.833787501	2.761933589
5.387817784	1.667346593
5.938414245	4.954881272
3.466807364	1.833780484
3.397753682	4.319854234
