9.823907006	24.6015003
1.082859021	23.29540856
14.58292105	20.7666161
16.48662142	20.55192465
9.758688706	24.60181197
3.801522407	23.3478426
5.043645536	23.05308065
12.35525895	26.03676971
2.056698542	22.66433837
9.31149383	24.66883216
14.77585756	21.52206969
3.887734938	23.69628319
16.24191672	20.45015267
2.988744858	25.12846223
5.045856716	25.32640623
9.900967774	27.11781364
10.27542554	26.51206242
8.550425841	24.45368888
9.462414559	27.52318358
4.195871482	25.36880931
16.6396577	20.82234036
2.159145758	23.55938
9.755160557	27.4253661
12.4266606	24.93320164
13.07413361	18.35614525
16.15365244	21.88555623
13.23971565	18.9393476
14.60444531	19.89277193
9.203639331	26.4700588
12.81744255	20.04993695
9.533386875	26.9099733
14.78626574	19.07934309
2.51253418	23.48701783
10.19384537	25.93398988
4.835258672	23.80779718
4.106224573	22.21329325
4.382419518	24.14683519
14.21840083	21.56686192
4.049214499	23.01950529
9.093495745	26.44860375
10.63326757	24.70593166
13.5407496	19.08784877
9.082174604	25.48438624
9.467056295	27.65201335
3.96437832	25.56614625
9.698757935	26.31872608
4.53874658	23.1949602
3.874353182	24.36676319
14.9064119	19.87668485
13.98697779	19.22943002
15.37451907	19.87392854
12.97419503	19.96697996
13.00754455	20.42424366
1.838578859	22.41183366
8.790138709	24.86225097
10.04148477	25.5401619
11.56376615	26.81852414
3.776838519	23.21953271
1.133492771	23.04010142
3.978292492	25.34647703
3.153129997	22.79771056
15.9386043	20.77006945
12.20683066	27.4640444
3.766917156	22.06038811
15.69264718	18.88190311
13.25861092	19.22961967
4.747215302	22.77380826
11.61846592	25.12941248
9.344183762	26.37742796
4.452870051	24.34272372
2.734700359	22.84559998
4.028588883	24.98196867
1.819436076	24.93193509
10.03155773	26.46200492
14.02495864	21.56969286
14.1891611	18.75241634
2.136095863	23.99496401
12.27611535	25.31077864
15.31320124	20.95138011
16.09899134	20.29562509
10.5984666	25.15575201
13.77284325	20.67782095
1.898694538	22.47224547
2.135503539	23.62037654
3.731152978	22.72765587
4.453484694	24.15834063
1.443033191	22.78743755
4.660793551	24.87543048
1.531337744	23.7839421
4.152540009	22.06100707
13.00385117	21.34086666
2.834460096	23.69409447
13.804108	19.23747968
13.76925066	21.76907873
5.226619706	25.2584077
16.48190058	18.63711736
4.744913946	25.05871512
14.75690902	19.72914094
10.29613828	26.14469163
10.1459151	25.63010334
15.60449108	20.02820325
14.34300167	19.51168274
16.38233193	20.92885747
1.564056611	24.4656086
9.666275975	26.21463869
8.571333836	25.35653815
16.83453506	21.56452772
16.4415378	21.62675126
16.09586566	21.02114429
13.66331761	21.59295206
12.74779699	24.999143
10.22035422	24.71146705
9.739193768	27.00712787
15.66303656	18.71290725
12.64056417	27.85573559
2.324719965	22.03618399
14.19156127	21.71479608
1.643143571	24.84130167
3.614287223	24.40272766
3.928396469	25.37509423
15.27109939	19.69314162
9.809336822	27.22470061
3.632415529	23.02554477
4.751332974	22.46055038
4.238310306	23.52997132
13.39944314	20.13173544
13.77909399	19.42580133
14.02783761	20.45386944
1.209658477	24.94074276
11.54675202	25.0040255
1.723931026	23.9998873
10.98430368	24.98147205
16.07999081	19.46486437
1.301162405	25.17625018
5.096284007	24.09503028
3.379474635	25.0691961
10.39436866	25.94978164
13.54487485	19.98023709
10.41905472	26.58786191
14.35384096	20.56880093
2.645608527	25.6026228
8.972393027	27.96763797
1.369675828	25.17789134
11.18970272	25.31774037
12.87299527	21.86867031
2.075048447	22.3082097
3.487100671	22.39417584
9.559660424	27.40802056
2.391272348	23.06182073
16.25200298	21.74832554
12.27995026	27.59097102
11.93918345	24.82070132
3.388123914	25.16589148
2.735723662	25.34578275
13.10062726	19.42711542
13.28423985	21.04806039
15.78659755	20.2472595
1.828211601	25.20417221
13.6486848	18.58411166
1.96717311	23.01837575
14.59752115	18.27986011
14.67779325	19.5734206
12.24869568	24.66659744
16.3248671	21.12574016
4.74590036	22.05965534
14.73269274	20.06417749
3.527107367	22.09218026
10.28648551	26.50028121
12.85780277	19.06746459
1.970475373	25.5754569
11.10639888	25.95612079
3.886347532	22.68278246
8.599802295	27.64506131
12.86638726	19.80234918
11.43137936	27.89599954
9.350108569	26.21192283
13.81887428	18.71290183
14.90095314	18.63232906
1.270674583	25.6371356
14.91050422	21.60022981
3.114233492	22.28509617
2.668573323	24.07413235
9.050996752	27.98347892
4.435841567	22.14329115
3.132273516	24.99373512
16.37322674	21.15141371
4.515410575	22.87046922
10.81408106	27.7727446
3.834234683	24.26225477
11.5966071	26.59979303
12.05759894	26.73703122
5.237734047	23.12280869
16.28596313	19.1509793
11.83150448	27.91796749
14.70224546	19.50740866
1.492846529	22.88676888
16.30587379	18.1688678
13.89874384	20.24662764
12.08318937	25.37870288
4.772143725	25.26025664
11.37127529	26.25052878
12.46425053	26.1362773
9.798636537	24.62005991
2.613543614	25.13032629
12.74044993	24.82077593
12.03458413	26.37087893
3.462517835	22.15440786
9.476916349	26.44356789
1.997837481	24.57772557
9.465783473	26.31303144
3.395007042	24.34385832
3.630658297	23.86369574
3.041297285	22.90643665
11.54206235	24.87869156
16.21897513	21.49119425
14.76334664	21.16240166
1.136318904	23.39475323
15.50138373	20.97021026
11.99379647	26.35772164
1.126105259	23.55810619
16.3330605	19.66527316
1.437436639	22.22047495
1.969420607	25.23815467
14.22398648	18.69789921
11.91393953	26.05764656
13.32614864	18.67158093
13.30412138	20.07844205
17.01185486	20.57128767
13.93516326	20.7546674
11.64497735	24.29862696
16.90974627	20.93587362
13.83168333	20.8795412
11.20564131	27.67687443
13.26954123	18.58936898
12.81182614	21.09097004
3.810190716	24.16750826
11.80532749	24.7652643
15.75927592	20.42951943
11.22660418	26.9707649
3.871916809	23.64635304
13.77809458	20.02147694
3.428387256	23.42251379
16.49394908	18.40343676
12.05929952	27.96085284
14.31708566	19.97620752
14.36124394	18.85526054
15.53677497	21.8976748
16.92804952	21.50572845
15.71184771	20.85531447
1.11428603	25.01721401
12.27435045	25.6897631
2.633759423	23.85107743
10.18504964	26.85712053
2.232778469	23.15079125
13.80848951	21.28601003
15.82934274	18.63829851
16.59813779	19.00526472
16.19790226	19.15747023
16.96940608	20.70350163
10.20418577	24.91221611
10.30987241	24.34242759
9.10011466	27.97602852
13.70954803	21.59494091
11.57253281	24.36772339
1.218453001	23.47145258
3.052629774	23.54968038
8.938675682	27.15624863
1.423053622	23.63479382
13.50179969	18.59226983
10.88294406	26.88936731
16.04831333	20.14158125
14.76688345	20.54781433
4.077751706	23.78394906
4.153510419	23.10806321
4.245494012	23.0988246
15.06314604	18.17200137
15.16535447	20.37387275
4.648579658	23.82763888
12.80822799	20.15855835
5.222112997	23.48760882
11.81783248	27.13308588
12.31747811	25.37288024
4.226394529	25.2058816
11.1277723	27.89696119
9.234731837	25.15413794
5.277137353	23.47924538
14.44482193	18.52397392
2.736346056	25.02409926
11.17445453	27.47379118
14.08879541	18.61111148
12.17065344	27.99149878
15.42984072	20.05757445
13.97010844	18.15295942
12.76957509	26.62539959
8.576692681	26.7401393
9.070051056	26.10834319
4.540259386	24.33184303
2.135931252	22.73364037
11.98823171	24.71389423
14.64219982	18.65846044
16.48716749	21.64031957
9.370823907	25.72205917
9.441442102	26.93960864
14.3877141	20.55819967
4.007686907	23.50780337
4.308160649	23.02370493
15.12721169	20.93412579
11.32692347	26.19815946
13.09160297	20.13942066
2.354145474	25.43014543
12.57972578	25.12296061
3.019825486	24.38920545
1.710651541	23.59525395
1.428067894	24.83104609
4.36126232	24.8556629
13.17612198	18.24491424
12.68609668	25.86241631
13.98721924	21.17262669
10.55363313	27.64290159
10.88485051	26.12232847
1.328596567	23.78077262
16.10042222	18.30060788
16.51101094	18.84973926
11.77473615	24.77545725
16.858069	18.54751389
5.021810576	25.28972736
9.037674416	24.81502363
15.378085	20.55277137
12.71818058	26.42206002
12.7361398	24.70477929
4.03318581	23.3019284
3.64690245	24.14363408
14.49552539	19.4197441
10.77923849	25.9092724
13.63907832	19.75702498
10.70867721	26.00253908
11.7997735	24.90621357
2.052188003	25.60472532
16.30673103	19.94775597
10.91155854	26.22967989
2.652322899	24.34560444
1.805868692	22.36942153
3.660565208	24.18715152
11.31168551	24.76325999
14.76128161	18.64410589
11.43887298	24.55671911
9.566348103	24.90002504
13.90799724	20.04785063
13.12338188	18.80481686
16.30788052	21.2470567
12.48199493	27.07815751
3.299976216	22.22513224
1.874125478	24.67374511
4.505233724	24.84314437
13.31010602	20.71200868
13.48648569	21.32011109
10.57110971	26.24739447
16.16013859	19.98383623
3.539349255	22.92851754
8.544521733	25.35226152
14.09336304	21.82923503
8.567503293	27.76495075
1.080728451	22.21581479
11.46950832	26.51412097
13.74000712	20.39019111
1.362343538	24.22188549
2.664951543	25.36208142
4.97986702	22.93574949
10.5927401	26.33333865
9.676947442	25.29709167
5.136615976	25.24344145
10.68382743	25.63762973
12.34184786	25.84943051
3.292731934	24.30877889
9.352469588	27.11836096
14.1589623	20.79615971
4.184202381	24.18330466
13.05527852	21.08128433
4.151449257	23.68958724
10.66355525	25.84325781
13.39842815	21.26107002
4.9531144	24.76992891
14.16014827	20.43309306
2.449242068	22.6528504
5.204421969	25.13611467
14.83315478	18.80624596
14.24000225	21.14215337
1.887228281	21.96983784
8.939536322	24.7307497
12.32223699	27.61876394
11.90614944	27.31792388
8.832886591	26.59957105
1.213701397	24.21683204
8.797900011	26.37216436
3.118739514	23.97371631
16.39962817	19.13255226
4.947115388	25.31725845
16.23779234	18.88188074
13.33865542	21.12755028
12.55424143	24.75681279
12.13395608	25.96835065
2.331046541	24.42682278
9.47697338	26.52679817
10.5584101	26.97749933
5.154833912	24.89467937
5.096234852	24.87177786
11.75025385	27.35231144
12.28146112	27.06780529
1.478248209	22.33359615
4.044453204	24.34085929
11.74189411	27.36719152
14.52984118	19.92083022
16.22508688	19.77715802
3.473669868	25.2513003
14.74173509	21.62494897
3.40509356	24.71725365
15.46255438	20.03571264
3.266109151	24.08864696
3.378459612	22.54907857
16.88177049	21.80401615
3.585693946	22.95313684
10.90374498	24.7083799
14.68140226	19.5901669
16.1294288	20.05688149
4.143966439	22.75753619
15.87217844	19.96586295
8.770829369	24.34686931
11.73609764	26.48714669
4.513022382	23.58083812
3.962122341	24.89442538
3.052351336	24.58281547
11.75696339	26.98588948
2.118567389	22.86421927
13.15630782	19.6443117
12.96825497	20.28194656
15.54389532	19.07208774
15.60160156	18.220371
13.82169416	21.15162143
5.122866441	22.83824191
11.16438187	25.92880202
14.07746182	18.40603442
9.055205059	26.04293616
13.20599109	21.69529681
9.626604448	25.15644446
16.32567881	18.81523683
2.179183984	24.64915483
1.0618858	23.65053306
1.926499462	25.32482841
13.76558598	21.43456098
4.843438905	24.57068172
12.60358745	24.46864171
10.67389871	24.62492241
9.559058499	24.71020518
16.84054929	19.25642999
1.253295319	22.26010448
3.613677558	23.3359159
4.875287403	24.51486259
13.67643138	19.22322586
2.422169836	23.91693501
15.6653176	18.5956155
13.70257216	19.49092434
13.7425195	20.96945426
13.54156761	20.47532169
12.90911042	21.86054907
13.43586367	19.3738921
15.24120116	21.78934516
4.383860051	22.77107774
12.42747823	26.71379118
8.675244977	26.90090648
1.653266828	22.3928163
1.677580644	23.23522956
2.041689336	22.11615762
11.93052562	27.38514971
14.77487347	21.69143665
9.398819472	24.83949878
1.607637013	23.48108095
13.515869	20.01376306
2.914271699	22.69815864
16.42458927	21.83554632
16.69610948	21.65774137
10.52519805	24.36307899
16.32313486	21.73799342
2.730650014	24.44311151
11.93350691	25.00914882
9.74461531	26.14742019
10.10527705	27.36812465
10.44159429	26.98444509
3.447603106	24.90581843
2.477695782	22.99085908
15.40232119	18.79134467
14.09071026	19.28556349
9.899652663	27.74627369
9.424633868	24.35540352
9.728614411	27.6198522
8.553210056	26.46697021
4.319808748	23.3255633
11.62741335	27.66200592
11.44160647	24.71907148
1.552602152	25.10659881
8.982950005	27.33588013
10.19593562	24.72925037
4.408617734	24.98901969
9.020823539	25.41729317
15.86790385	20.97627863
9.839431572	26.02385309
9.708103158	25.63279606
14.14082569	19.59322634
9.651439701	26.18817384
12.91378789	20.44346127
13.41174238	20.64731209
12.60222779	24.39076078
12.75852656	24.29696042
3.342959966	22.67636175
3.828470307	24.52110145
10.46073498	25.86139876
14.17007462	21.35268941
9.728878113	25.07232161
9.763291238	24.83890552
9.526212584	24.44596441
1.808927351	24.40397767
16.25383791	20.61856593
4.064775838	24.47080433
11.28130143	26.25759076
15.23969637	19.15355501
10.74418334	25.37144035
1.627978412	23.91495576
1.338468502	23.46012138
4.950953716	23.4452257
14.0427812	18.34770022
8.648434526	27.6765783
9.536754745	24.70826582
2.695224982	22.77571964
3.258155143	24.45076672
15.50607037	19.96440301
15.96223717	20.71518034
10.95666723	26.93439945
12.06800668	26.73042339
3.6936749	23.96748398
9.440600955	24.52183746
2.045900117	23.15398485
10.77767762	27.94388357
16.79189985	19.10137469
2.216734925	24.98932052
3.904435591	24.6452232
14.77116576	20.29540734
11.89729589	24.66830429
10.49209686	27.1247143
1.516357922	25.25909318
14.22320118	18.85008471
8.999063817	27.27144489
10.12692078	27.23993028
10.49784511	25.87245422
11.39944522	25.91541859
11.16766455	26.18500327
16.33049819	18.75875655
15.33167927	20.97260577
13.2548763	18.24798482
12.40731785	26.48902936
16.7983715	20.0514871
10.62636804	26.23289722
14.84776142	21.89802927
14.47834223	18.161478
13.07043588	18.52291322
12.71903847	26.0356691
12.61925046	26.04856625
13.02353738	20.83439051
12.32647956	24.45928624
1.594029623	25.24077924
1.52345342	25.22763892
3.879407342	22.14607283
10.26154053	27.59136112
4.815930984	22.31296477
3.986961527	23.18916217
4.889410107	22.26271519
5.304733217	22.68917737
14.67971009	19.81927663
8.862483494	26.61415585
14.00595744	21.11355792
4.401786819	22.2628813
11.92965797	27.66911752
2.734257565	24.94657146
10.07849344	25.88098531
16.69805822	19.50909761
16.89561489	18.45067628
4.617720035	25.56650395
12.04309416	26.6566207
9.975503392	27.52253857
15.20129931	20.64690886
15.29887048	19.31776356
13.05951183	20.88154999
1.784014718	24.56700766
3.425095909	23.91094955
13.12991412	18.94847047
16.82666792	20.33563734
4.724852809	24.36920074
5.110794261	23.34106363
2.43788208	22.17617587
1.622332076	22.56229522
1.10106763	23.83327821
13.21525064	18.48851506
10.55452073	24.8263706
14.7620757	20.64755053
1.416029413	22.28855678
1.56504146	23.61854083
4.518027202	22.54163579
2.322331242	22.4348379
2.921583748	24.56630047
11.58775121	24.38850409
14.5705344	20.93626551
1.271700537	24.48104862
16.62388887	19.92514067
2.28918274	22.36998547
13.96961964	20.82615336
1.412104458	22.42199673
2.897584866	25.52203073
10.90709036	26.73170935
9.523760845	25.10478378
15.44266185	21.9009109
11.03460917	27.61442938
11.18295804	25.91808371
11.41215684	24.40358213
15.93420286	19.81472859
3.438005162	22.14431167
10.3952243	27.54017548
9.681455494	24.26875336
11.58717546	27.60794292
1.104299958	24.25676277
11.99181881	26.04323646
14.30325876	20.28431577
9.681449328	25.69620802
14.06889988	21.89512706
14.02440776	20.05442704
11.52922405	26.31686222
9.940780343	25.77519972
16.0084925	20.50473654
5.122480991	24.48968812
12.0487336	25.03120446
1.470711037	22.93959796
13.31818935	19.40316093
10.62395447	24.73248116
11.32662823	27.83513545
11.9391795	26.30747139
14.82150317	21.67368546
11.62322667	24.85428006
11.15008223	26.28687674
2.106922798	22.88513743
9.11635726	26.34774947
12.36277158	25.28475546
13.4642986	18.57257748
14.15232772	20.11344895
4.666245706	25.11357858
2.465990543	25.04031885
16.48032011	20.72262346
11.63093813	24.71935219
10.12770448	25.48404293
10.40739382	24.53201526
11.4401576	26.38584218
9.114961844	26.42937305
11.23446943	27.88236274
16.78752409	21.41266398
1.303682698	22.94113559
14.61180154	19.68311865
4.098791722	24.9102571
2.250957897	24.43794171
5.284979423	23.81278693
4.211845767	22.62075772
14.96677655	21.43150652
2.824504807	22.40042342
4.398850807	22.62061203
5.109996203	23.39009695
12.57163389	25.62924626
15.57460829	20.86944614
13.05809724	21.0354602
1.94606906	24.98623011
12.73600756	27.24828863
1.939097978	22.90946228
16.679202	19.99855364
11.29581106	27.258446
14.55962114	18.80668498
13.88689828	19.86236309
4.471185912	25.67877677
4.953866808	24.70779095
16.4033316	20.48205691
10.71830199	24.72467756
16.60066964	21.43599307
15.41248696	18.90846914
11.05099443	27.64315671
8.994444009	25.73074945
14.88672238	19.9444905
3.038416849	25.68871715
3.918099838	22.56957475
1.510962227	22.50689629
2.953775449	25.00224711
13.31123697	18.71761676
2.399966897	25.66680234
11.47370329	25.94844872
1.194774959	23.26554845
10.86188135	25.43595865
5.157460028	24.4975322
3.631531317	22.76912346
10.91575298	26.99350282
10.1233094	26.38517688
16.20283568	20.13065977
9.444217116	24.7754023
2.077990352	23.52316232
3.245822894	25.67267305
14.42719492	18.61897037
11.44189753	25.67465326
4.671029921	23.98680692
16.42947513	20.69747981
12.76993928	24.61474637
10.13229938	27.90828203
1.729498599	25.04752669
1.939112837	25.42512573
13.24069029	20.57525767
13.77809905	20.37122079
2.5137087	22.76996449
15.91232603	20.86507858
10.42994872	27.37079995
13.82722667	18.95253489
14.97924363	21.47758667
15.44906474	19.34968629
11.1766137	24.67423608
8.972781941	26.14453497
4.37050598	23.44560261
4.194302941	25.54521857
9.766265537	26.51409679
12.49075385	26.21582192
10.09405852	26.2758839
11.26660962	26.03402762
15.88998716	18.36570601
16.43041382	20.94840289
9.413426648	26.31800339
8.781163515	26.86624196
14.89752215	18.87056073
14.53791151	20.4470692
11.78200336	25.62121118
2.133044363	23.60540402
11.29963883	24.44865804
9.707001237	27.98896665
13.61677292	19.64660248
13.7513978	21.48611284
3.222020994	22.23179139
14.7478271	19.71497711
8.590650262	24.64503042
13.46554299	19.86850204
4.087858414	25.70347732
4.444285053	21.99741552
9.027504687	26.97621349
4.971819318	23.37088381
12.50954942	25.34519886
2.952561839	22.56429645
16.39434837	21.61547728
14.07616548	19.38017423
13.49197109	19.31495546
4.018614119	24.000669
12.09297804	26.92954046
15.6518796	19.53903007
11.31616953	27.05990471
5.068070196	23.61061519
15.22845952	18.92828268
4.824858623	25.19463877
11.8211657	26.4715998
1.743940442	22.41684584
3.825540311	22.41514435
10.52881621	26.76564638
15.58289938	18.58800505
16.22873904	20.3746232
3.138794582	23.63250623
15.75502763	21.26376136
12.41468531	25.73630226
16.40414081	18.58723134
1.762495798	22.97720371
9.783139488	25.19798337
13.5585493	18.48212949
9.680946601	27.03944904
9.870912247	27.21712504
3.074049252	23.30522854
11.17674227	25.14357654
10.87101428	24.58554895
2.562073086	22.93592202
1.341313989	23.48306957
15.29476402	20.4527866
16.03799682	20.36789535
4.739293486	23.98186577
14.0811584	19.83375845
2.111208108	24.69246554
11.02449355	25.43098142
14.87095972	19.14609951
12.09186564	24.59030299
1.445943194	21.9964589
9.408765842	27.91841847
8.745031436	26.77127158
5.146716121	24.82101563
16.60513831	20.86483028
2.53495094	22.2419121
8.811849576	25.56894084
15.76411952	20.07349306
2.783901365	22.49810475
16.86358899	18.50539933
3.780202898	24.6587782
11.26606614	25.52366571
10.58364354	24.78546763
9.011914272	25.69140458
14.83022372	19.44136193
14.81020266	20.82503836
15.3582009	19.4151965
5.11873233	22.20924472
12.04578489	27.45051432
10.70460802	26.58269306
16.83603046	21.52275203
9.813279942	27.31005541
4.49007689	22.51118941
16.88977668	21.26543788
16.26262448	20.05555871
13.53971868	21.76835466
16.51079602	21.65734254
4.329288123	22.84338598
16.38336599	19.30948613
2.347945638	22.45880304
8.905122554	26.72339939
3.994944002	25.05483949
11.71458223	27.00572455
13.75304028	21.20751694
1.102087527	25.01164095
13.82227744	20.0917185
16.4933378	20.42228335
11.21044354	27.57189148
1.177995395	22.18656093
1.301925031	23.69904227
14.33678382	18.80977972
4.308335899	23.80733641
17.00417933	19.89369112
10.18095658	26.49262333
10.75555587	25.22951868
15.16188627	21.55895351
4.420217703	23.22955231
11.09834211	26.47533734
13.50624476	21.2613719
3.072276009	25.29402595
9.650093327	25.60291134
15.43364728	19.51974491
15.97743334	21.10774195
9.015886461	24.83111898
14.20675581	21.16156981
16.85723655	18.19294335
12.6922571	27.12357089
10.27684569	24.30194149
16.31147833	19.91253456
13.05424324	18.43462556
12.71974614	26.00871387
3.038983208	25.55342367
8.89773388	26.01300745
15.85361229	18.9326368
13.39626312	18.98666392
1.62929803	23.32804009
13.86661272	21.45232804
11.49488759	26.04416538
8.964876485	25.78132049
14.90964512	21.14193388
14.11879901	21.1447299
16.47795398	18.34364556
15.56159916	21.34244852
12.56629162	25.91304227
10.81495194	25.91385781
16.52355071	18.24627713
1.872968151	24.88119454
10.70697257	26.80680658
3.956609592	25.00935956
2.283058912	25.45868832
12.09967823	25.77201301
16.32342221	21.84925909
14.54410219	21.2018892
13.92303704	20.44903067
16.60413119	18.25954102
4.718646321	25.11435534
2.921740676	23.01942461
13.8324247	19.06985313
9.186631162	27.90022982
14.76245322	21.11363237
5.216714009	23.92639896
12.0522001	26.16235416
3.004245099	24.49798939
16.66891841	19.03431882
2.72712743	24.02703167
10.36941186	24.8498446
12.55692348	26.11999543
15.7355337	21.8865548
9.07107047	26.32366317
9.462716461	27.62060995
4.516099424	22.32427916
3.931622776	24.45987064
12.74035219	27.97545183
14.62369911	21.28056225
8.905129819	27.50894857
11.82024213	26.77970581
1.206947726	25.2549891
16.28337648	20.61346172
2.522394475	23.267598
11.70960997	24.44207201
4.616819598	25.32601529
2.363797343	22.54142123
11.35187552	27.47486556
14.97764357	19.01360735
9.380456621	26.74816091
4.090748537	22.56707895
13.50978172	18.43372259
16.5957791	20.46764302
10.39372525	25.16871519
11.94059137	25.22148158
4.957474349	22.69166903
11.31154872	26.90723708
8.903337791	26.21327623
16.48173452	21.22506638
9.431519424	24.36247396
13.4410868	20.64592728
13.88391475	21.49912401
1.620416869	22.51004548
4.079313633	25.26790981
11.04169126	25.58201452
2.237197655	22.87047054
14.43514777	20.0849358
14.47029778	18.72551394
15.49775488	19.42919295
1.888413654	23.42491644
1.592888048	24.15639409
1.722640709	23.78392006
3.123773882	24.44811512
8.817006482	24.95243166
1.60007982	24.47123588
4.188694535	23.18827241
10.99750323	27.13366883
11.6098211	27.0134001
13.4616061	18.42076949
14.08708624	19.83315736
13.29456574	19.18249754
15.69137879	20.62129353
2.713938724	24.05545319
4.177500585	22.51980737
3.517228239	24.450025
1.096061325	25.58015849
14.93119584	21.58269247
4.367373243	25.23036348
4.876046291	25.41740538
2.408804497	23.40972443
1.814199508	25.38853357
10.39807939	25.71611987
1.388589307	22.7525742
9.812056447	25.39473283
9.102600659	24.98340263
11.79836126	25.20498349
4.032736117	23.80886832
15.79343451	19.43966682
10.4991894	26.81087008
4.904374645	24.16619225
2.213745594	23.26481412
3.01001419	24.03062516
11.55186878	24.90647058
13.67261848	21.12009042
2.723225404	22.49039659
4.165901813	23.47267431
3.412125391	25.42361367
16.75101004	19.28409179
9.251773488	25.23294676
14.66986519	21.54223102
15.77286762	19.32668462
15.84002029	21.48500108
4.460997675	25.37995621
10.24236623	28.00354494
10.98697824	27.27352619
2.541502848	25.51783228
10.92775928	27.41190592
9.768230045	26.97590931
9.767359524	25.7582395
1.794019181	25.65702561
5.006223381	23.19346712
8.702785688	27.18654288
9.357767827	24.81914531
12.15153635	26.94259582
15.02719783	21.41615777
14.85387498	18.69867142
12.27247162	24.89611903
16.0067972	20.78522673
12.33681369	26.76819843
15.86115689	19.05551531
3.801843968	24.35065617
8.93958229	25.39046384
3.96398876	22.0238857
1.82408788	24.21458657
11.40827691	27.35320076
13.46559227	20.13349785
2.610532726	22.31952839
12.51939276	25.70837597
12.34276017	25.82504813
16.72505624	18.88380847
10.20681378	25.05182699
13.65120346	20.11713159
16.75088117	21.7613276
13.79334045	20.80212717
12.02670229	27.71156902
