100.1766692	201.585337
101.6077151	201.6656373
102.0075713	201.6880744
102.1999098	194.1686408
102.6504969	194.1169184
103.5021761	194.019155
104.1169872	201.80644
104.8733719	201.8488829
105.3804996	201.8773394
105.9583983	193.7372078
106.2082971	193.7085221
106.2645398	193.7020661
106.4199879	193.6842224
106.5772089	201.9444903
107.0588745	193.6108852
107.8175458	193.5237981
108.2681759	193.4720708
109.2952721	193.3541714
109.4599548	202.1062497
110.3160796	193.236994
111.4477076	202.2177884
112.2255354	193.0178095
113.5623651	192.8643562
113.9244414	202.3567653
114.1794576	192.7935208
115.9600012	202.4709866
116.8724778	192.4843918
117.3396092	192.4307702
117.7373421	192.3851149
118.6984599	192.2747892
118.7815787	192.265248
118.8187335	202.6313986
121.2432424	202.767445
121.582996	202.7865096
122.2681812	202.8249573
123.1132047	191.7680251
125.4563398	203.0038544
125.6613684	191.475524
126.1830069	191.4156457
127.0776983	191.312945
127.5411936	191.2597408
127.8791326	203.1398045
131.5211226	190.8028888
132.7352927	203.412298
134.0838677	190.5087139
134.3420365	190.479079
134.454195	190.4662045
134.5349722	190.4569321
134.5545408	203.5143814
134.8255421	190.4235779
135.6834841	203.5777298
135.6914559	203.5781771
136.7107102	203.6353705
136.8413841	190.1921815
137.1975286	190.1513
137.945235	203.7046433
139.5601331	203.7952601
139.6872831	189.8655036
143.0396177	203.9905043
144.187585	204.0549201
145.1279157	204.1076849
145.1398019	204.1083518
145.1868886	204.110994
145.3778248	204.121708
148.2228075	204.2813484
148.6868166	204.3073854
148.7216051	188.8284631
149.1450627	188.7798548
149.2980744	188.7622907
150.0930277	188.6710389
150.3036506	204.3981107
150.3990447	188.6359115
150.5357574	204.4111349
150.9469154	204.4342062
150.9910103	495.0605013
151.2555789	204.4515262
151.647726	204.4735308
152.3874968	494.0531388
152.9432644	188.3438631
152.9639949	204.5473905
153.0117304	188.336004
153.1990581	493.6468365
153.2733581	188.305972
154.1412552	188.206347
154.3530572	493.0690951
156.0940284	187.9821901
156.4788648	204.7446203
157.2129211	491.6373248
158.1071007	204.8359855
158.1383501	204.837739
158.7042593	187.6825644
159.4281013	490.5283107
160.7519307	204.9843947
161.4546312	187.366852
161.590088	472.0875385
161.6415252	205.0343125
161.9370383	205.0508946
162.0293492	471.712457
162.3558261	473.0320482
162.7161549	187.222043
162.7835433	187.2143076
162.8761906	473.6738986
163.1339398	471.8685586
163.214179	474.0907949
163.2162084	187.1646424
163.2360646	495.0983372
163.2384835	471.8833328
163.3047508	205.127641
163.8977633	471.9765027
163.9648871	205.1646832
164.8761097	495.1034048
164.9045886	472.118788
165.0018526	495.1037933
165.1135684	151.4327471
165.190868	151.6298795
165.19933	472.1604411
165.2042295	151.6639543
165.2050303	151.6659965
165.2531485	151.7887092
165.398326	152.1589462
165.4052742	495.1050399
165.4191953	152.2121677
165.5288923	152.4919208
165.5647059	152.583254
165.5780022	152.6171626
165.8647041	153.3483202
165.9506804	153.56758
166.0280901	153.764993
166.0761045	153.887441
166.1001353	153.9487251
166.1074952	153.9674946
166.2307073	151.7304701
166.264226	154.3671951
166.3018034	151.751129
166.3331985	477.9379903
166.5925756	155.2045641
166.6065609	155.2402297
166.6197101	151.8435054
166.6696208	155.4010473
166.8186538	155.7811166
166.8330369	155.8177969
167.0876444	156.467106
167.1423727	472.4350333
167.1830268	156.7103538
167.2988718	157.0057857
167.3662588	157.1776385
167.3969788	157.2559817
167.4565561	152.0866736
167.5999679	157.7736516
167.7206327	158.0813753
167.8048187	158.2960696
167.8417607	158.3902802
168.0195992	486.2270389
168.0345865	158.8820315
168.2250409	159.3677352
168.2594033	205.4056613
168.4578508	480.5586705
168.5245616	160.1315836
168.5695914	160.2464201
168.6744233	160.5137662
168.7151059	160.6175164
169.0192409	161.3931322
169.2692119	162.0306172
169.4225888	481.7486392
169.5022742	162.6249811
169.5711449	186.4351657
169.7846869	163.3451999
170.0140617	163.9301597
170.0888822	495.1195117
170.1148477	164.1871878
170.1429071	164.2587459
170.2667198	164.5744975
170.2760042	186.3542557
170.3065594	164.6760976
170.3858092	205.5249802
170.4198768	164.9650838
170.6537631	186.3108931
170.6828837	186.3075504
170.7302537	205.544308
171.1713485	153.1661068
171.3165965	167.2519302
171.3574683	186.2301155
171.3657532	484.1454608
171.3813785	484.164734
171.4186293	205.5829348
171.6599519	495.1243661
171.8053527	168.4983739
172.100381	169.2507656
172.4413485	170.120313
172.6310792	170.604171
172.6617476	170.6823827
172.7598859	170.9326583
172.9577322	171.4372132
173.0203354	153.7033799
173.0739744	171.733658
173.2447038	172.1690583
173.2855397	172.2731994
173.4000747	172.5652907
173.7770703	173.5267182
173.8345567	173.6733222
174.2693711	185.8958612
174.4024685	175.1216311
174.5687077	175.5455803
174.5703816	175.549849
174.5881563	175.5951787
174.6977288	175.8746144
175.2385749	177.2538995
175.2757932	177.3488149
175.3200763	177.4617471
175.3735838	177.5982038
175.3811231	177.617431
175.4422698	177.7733695
175.4565585	177.809809
175.4901837	177.8955612
175.5324779	178.0034214
175.6846786	473.6422385
175.9761615	179.134919
176.0709845	179.3767399
176.1339801	154.6081335
176.1677438	179.6234991
176.6024379	185.6280508
177.0565396	181.8901378
177.1548026	182.1407316
177.2216685	205.9085606
177.574137	183.2101331
177.5946541	183.2624564
177.7287575	185.4987617
177.7730975	185.493672
177.8044985	155.0935478
177.8280518	183.8576756
177.8603593	183.9400675
178.0072755	184.3147382
178.0122598	184.3274495
178.0658319	184.4640708
178.1601448	184.7045911
178.2357049	184.897287
178.2686912	185.4367833
178.3282499	185.1332985
178.3350447	185.150627
178.4840791	185.5306999
178.9584305	186.7404077
179.070835	206.0123228
179.2134427	187.3907488
179.2316662	187.4372231
179.3241133	187.6729849
179.4834639	185.2973408
179.4923244	188.101963
179.5284008	206.0379982
179.7436667	495.149344
180.5789139	190.873022
180.6065576	190.94352
180.6243259	190.9888333
180.6687568	191.1021427
180.7966138	206.1091614
181.232531	192.5398997
181.241459	156.0922494
181.3132076	206.138149
181.3182733	192.7585628
181.4108752	185.0760952
181.4423657	185.0724804
181.5077548	206.1490656
181.5154708	193.261463
181.7890765	193.9592218
181.9561579	194.3853189
182.0273237	194.5668083
182.2917578	195.2411776
182.4334755	195.6025913
182.5064893	195.7887936
182.5562581	195.9157158
182.6262757	474.6232302
182.6809946	196.2338232
182.8349377	196.6264145
182.9602654	184.8982423
183.0830465	197.2591503
183.2874971	197.7805474
183.3948976	198.0544441
183.6996859	198.831726
183.7123416	198.8640012
183.749817	198.9595722
183.8894392	199.3156416
183.9500393	199.4701861
184.2193843	200.1570793
184.3878955	200.5868228
184.6534791	201.2641236
184.6748796	201.3186998
184.7160773	201.4237635
185.1067228	495.2790148
185.2028918	474.9873595
185.4790779	206.3719083
185.5948485	184.5958212
185.6878803	184.5851422
185.8406871	204.2917835
185.9362213	204.5354184
186.0178979	157.4801728
186.1692097	205.1295937
186.2449888	205.3228482
186.5310249	475.1750523
186.6415247	206.3341081
186.6521336	206.3611633
186.8221922	475.2162003
186.8355907	206.8290223
186.9607879	184.4390264
187.016328	207.2899449
187.2516808	207.89015
187.3424987	208.1217569
187.4453473	208.3840451
187.5584178	208.6724016
187.6497569	208.9053379
187.9369316	209.637701
188.0646569	209.9634307
188.153007	210.1887441
188.1548814	210.1935243
188.5029904	475.453732
188.5811654	211.280649
188.6744582	211.5185675
188.8427463	211.9477419
188.8937785	475.5089584
188.9245455	212.1563491
188.9261407	212.1604173
188.9844597	212.3091445
189.0238762	497.5369765
189.1179615	184.1914067
189.1341607	497.6005477
189.1612515	158.3935591
189.1707265	184.1853498
189.2714749	213.0411007
189.3331684	206.5881728
189.3379683	475.5717317
189.3395374	158.4453649
189.4873287	184.1490074
189.5049872	213.6366121
189.522777	184.1449383
189.5939814	213.8635685
189.6113211	213.9077886
189.7165212	497.9362373
189.8574074	214.5353668
189.8901779	498.0363381
189.933162	158.6178585
190.0256291	498.1144161
190.0402166	215.0015733
190.2107984	215.4365972
190.2778837	215.6076804
190.3251776	184.0528316
190.3553138	498.304456
190.378831	158.7473597
190.6347273	158.8217173
190.8403884	217.0422
191.009758	498.6816968
191.0438095	498.7013251
191.1410633	183.9591769
191.1707488	217.8846967
191.2066929	217.9763628
191.3339757	218.3009639
191.3742308	218.4036239
191.5542984	218.8628386
191.5967355	218.9710633
191.6113891	219.0084334
191.6527479	219.1139081
191.8557918	159.1765306
191.9681209	219.9181836
192.0943414	206.7431104
192.136693	220.348082
192.1660637	220.4229843
192.1972155	220.5024287
192.2659402	220.6776929
192.3054844	220.7785399
192.5070109	221.2924799
192.5347907	183.7991924
192.8060711	222.0551539
192.8929948	222.2768299
192.8939877	222.2793621
192.9414026	222.4002811
193.0617149	222.707106
193.1141725	159.5421871
193.153066	222.9400728
193.507463	223.8438686
193.8066058	476.1397731
193.8585487	224.7392199
193.864194	159.7601261
194.1721077	183.6112464
194.1950642	225.5974136
194.2655727	500.5584435
194.283686	225.8234202
194.4410212	226.2246619
194.4873523	226.3428171
194.7171804	226.9289329
194.7417421	226.9915712
194.7605041	227.0394185
194.7840921	227.0995735
194.8616889	227.2974637
195.1120024	227.9358222
195.112267	227.9364969
195.3444846	228.5287065
195.5741211	229.1143337
195.6441848	229.2930126
195.6962169	160.2924698
195.929504	230.0206439
195.9379455	475.5458589
196.0411449	230.3053544
196.0711368	230.3818408
196.0726676	230.3857446
196.5018754	231.4803256
196.6409684	231.8350457
196.6859962	231.9498773
196.8540358	232.3784178
196.9197295	232.545952
197.0202985	232.8024268
197.1862012	233.2255178
197.1961219	233.2508178
197.3208315	233.5688569
197.6336837	183.2138956
197.6389333	234.3800912
197.7777994	234.7342326
197.8453517	234.9065068
197.8514768	234.9221274
197.8702295	234.9699512
197.8775807	234.9886985
198.2089318	183.1478635
198.2242416	235.8727655
198.3130985	236.0993714
198.3501887	236.1939601
198.3763432	183.1286465
198.3811331	236.2728757
198.5321195	183.1107651
198.6961384	237.0762133
198.7882843	237.3112071
198.8257018	237.4066306
198.884144	183.0703566
199.1456536	238.222583
199.3634775	238.7780854
199.5387513	503.5980577
199.7500363	503.7198485
199.7884547	182.9665517
199.8948249	240.1331465
199.9020142	503.807453
199.9341558	240.2334494
200.1323364	207.1941462
200.560873	207.2181926
200.7232466	240.1401259
200.8024615	240.1047084
200.9312109	182.8353759
201.098255	161.8621779
201.2652927	161.9107152
201.4918675	504.7238909
201.6039571	162.0091233
201.7833122	239.6661637
202.0604263	239.5422642
202.7522394	162.3427877
202.8290887	162.3651184
203.5996738	238.8540568
203.8360512	207.4019726
204.3760895	182.4399418
204.6250744	505.892612
204.724433	238.3511698
204.8315349	505.6513198
205.0824252	505.3581019
205.2653582	163.0730423
205.3278022	472.9293034
205.3685252	207.4879643
205.4341327	238.0338584
205.6093793	163.1730069
205.7138824	237.9087806
205.83294	472.7885428
205.967596	237.7953436
206.0476213	237.7595638
206.4290316	237.5890328
206.4369546	182.2033772
206.8099612	182.1605601
207.034956	163.5872467
207.230371	237.2307488
207.2770967	237.2098574
207.4570893	237.1293816
207.5608485	237.0829902
207.6967459	502.3027218
207.8885471	207.6293702
207.903189	236.9299275
208.1395675	236.8242412
208.1524628	236.8184756
208.193256	163.9238221
208.8013664	236.5283466
208.8220133	164.1065245
208.9841345	164.1536332
209.0983715	164.1868278
209.2531872	181.8801047
209.3541085	164.2611391
209.4040281	181.8627899
209.5065511	236.213054
209.6335267	207.7272861
209.8054075	164.3922763
209.826326	181.8143147
210.1470428	181.7775
210.1912902	499.3873253
210.4905339	499.0375965
210.6505016	207.7843516
210.6822016	181.7160696
211.2082643	181.6556834
211.2429043	498.1582945
211.3445174	164.8395062
211.5709142	207.8359987
211.6664083	181.6030935
211.7637156	164.9613156
211.8891982	235.1477572
211.9928658	207.8596757
212.0501982	207.8628928
212.2769084	181.5330149
212.7765013	207.9036478
212.9928262	470.7933856
213.513131	207.9449823
213.6120592	495.3894418
213.6450682	470.6116334
214.3093898	165.70103
214.4093154	494.4576812
215.2213149	208.0408335
215.2899487	493.5335194
215.3395205	233.605096
215.3871096	470.1262002
215.4060971	181.1738185
215.501613	493.5097218
215.5226627	208.057743
215.6001782	208.0620927
216.2230835	233.2100493
216.5357416	233.0702578
217.6665105	180.914348
217.7321572	469.4727347
217.788005	166.7118356
218.216597	166.8363746
218.6275295	232.135006
218.6874142	208.2353267
218.7853468	232.0644449
218.8371812	208.2437305
218.8404223	167.0176439
218.9365516	167.0455768
218.9654731	167.0539807
219.143936	167.105838
219.2481686	231.8575143
219.2800568	231.8432569
219.4687374	493.0636939
219.6891181	231.6603629
219.8063759	180.668715
219.8432323	208.300183
220.0188396	167.3600649
220.2268589	180.6204482
220.2371115	231.4153516
220.5119096	208.3377045
220.5976154	481.7916489
220.6850158	167.5536403
220.6962741	468.6467608
220.7223337	167.5644841
220.7335081	480.2094869
220.8040537	231.1618681
220.8458635	478.9013638
220.8504868	478.8475352
220.8846095	492.9045059
221.0200122	476.8737972
221.0447291	476.5860247
221.0860714	476.1046885
221.1052485	475.8814141
221.3193295	473.3889277
221.3210571	473.3688128
221.4067296	472.3713519
221.5410475	470.8075248
221.6218819	180.4603149
221.6887215	469.0881968
221.8311189	482.1681846
222.0181434	230.6190408
222.0626875	230.5991248
222.1529694	208.4297892
222.2688565	168.013868
222.2710913	230.5059461
222.4236847	168.0588576
222.818443	230.2612217
222.8786353	230.2343093
222.9088815	168.1998446
223.0062945	168.2281506
223.3743049	168.3350859
223.54323	229.9371648
223.6148035	168.4049693
224.2869915	168.6002917
224.6271255	208.5686215
224.9916727	208.5890773
225.1245837	229.2301314
225.1939753	229.1991059
225.4579631	483.2130779
225.4742875	229.0737766
225.4984537	229.0629717
225.8766771	228.8938656
226.0154724	228.8318093
226.7114301	179.8760909
226.7522079	228.5024101
226.7641946	179.8700341
226.9134233	208.6969124
227.0090742	169.3912663
227.2697103	208.7169048
227.496807	483.8004685
227.5135099	208.7305851
227.6233031	208.7367459
227.8848636	169.6457506
228.1794811	483.9971468
228.4333725	208.7822013
228.5241926	484.0964581
228.7240946	169.8896118
228.8276772	179.6331691
228.8588114	179.6295952
229.7851733	170.1979369
229.7915468	208.8584125
230.0110387	170.2635682
230.4229752	484.6434972
230.5680665	208.9019853
230.5726659	226.7942588
230.8051545	179.4061765
230.8094309	226.6883997
231.0297216	226.5899063
231.0914965	226.5622863
231.7956695	170.7821409
232.1893465	208.9929601
232.5001981	209.0104029
232.5457819	171.0001063
232.5991573	179.2002447
232.6157614	225.8807777
232.662504	179.1929732
232.6942062	171.043235
232.7978326	225.7993725
232.808081	179.1762626
232.9103257	225.7490761
233.398764	171.2479633
234.1732959	179.019551
234.8963021	209.1448555
235.3309581	178.8866641
235.4032517	486.0783141
235.4306553	171.8383842
235.6043221	224.544573
235.7981165	224.4579263
236.1700041	491.185953
236.4434091	178.758967
236.4541217	224.1646221
236.4993385	209.2348066
236.8667748	172.2556875
237.1688677	209.2723759
237.2280654	172.3606703
237.5475389	491.0310754
237.6503897	491.0195118
237.6616241	178.6191294
237.793278	223.5658768
237.986407	172.5810269
238.4671851	172.72073
238.4783826	172.7239837
238.5504735	178.5170992
238.9258392	490.8761116
238.9592981	172.8637267
239.1124833	178.4525867
239.8926063	222.6272536
240.3492803	173.2676236
240.6218339	173.3468214
240.7721035	178.2620806
240.8453277	173.4117635
240.9185023	173.4330264
240.9319002	178.2437377
241.0397611	222.1143533
241.221546	209.4997837
241.412646	173.5766132
241.7348946	173.6702512
242.2092834	178.0971082
242.4329946	178.0714286
242.4697806	173.8837922
242.5216798	173.8988729
242.8506892	221.3046758
242.8797515	209.5928305
243.4339922	177.9565251
244.0956419	177.880575
244.239379	220.6837836
244.377413	209.6768687
244.5162758	490.247573
244.6997541	220.477947
244.7989561	174.560597
245.2134677	209.7237822
245.414444	220.1584045
245.4498079	220.1425931
245.5378332	209.7419834
245.5618287	220.0925079
245.6647731	490.1184463
245.7336993	174.8322119
245.9176362	489.1075067
246.0557167	174.9257828
246.1937005	219.809994
246.2904684	177.6286332
247.5394683	177.4852617
247.5644526	219.1971219
247.667053	177.4706164
247.8668277	219.061928
248.0156712	209.8810222
248.0302648	175.4995411
248.0438618	209.8826041
248.1169009	218.9501187
248.4548985	175.6229299
248.6924684	177.35291
248.9426554	218.5809185
249.0084439	218.5515041
249.1959389	218.4676739
249.2542794	177.2884203
249.408164	218.3727867
249.5428401	218.3125721
249.5439488	209.9667784
249.8791971	218.1621847
250.9801046	217.6699619
251.204604	177.0645446
251.4019161	177.0418953
251.4519366	217.4590028
251.8832996	217.2661377
252.4196976	217.0263106
252.6563004	216.920524
252.9593896	176.9318314
254.2500426	176.7149618
254.2598472	177.3097145
254.7274855	210.257642
254.7628713	176.6560947
254.7711519	215.9749603
255.2956174	215.7404684
255.3252607	176.5915386
255.3820657	210.2943724
255.896182	215.4719522
256.016184	215.4182985
256.0391955	177.8267522
256.2667086	210.3440124
256.6100896	176.4440544
256.7516997	215.0894447
256.9489461	215.0012546
257.2321316	176.3726508
257.422774	176.3507672
257.601498	214.7094944
258.317835	178.4888725
258.3687648	214.3664445
258.4804889	210.4682342
259.0192728	210.4984669
259.4310519	176.120239
259.9017036	213.6810577
260.1155369	213.5854515
260.1776179	213.5576947
260.4735227	176.0005749
260.9175528	179.2442907
261.8184776	179.5060788
262.0835854	175.8157574
262.4164125	179.6798249
262.5053074	212.5169697
262.6390408	175.7519973
263.2040569	179.9086963
263.2265622	175.6845563
263.3108473	175.6748813
263.6084633	210.75598
263.6108204	212.0226878
263.6182644	212.0193595
263.7135515	180.0567437
264.2958205	211.7164198
264.3951534	180.2548015
264.4936134	180.2834117
264.7935663	210.8224797
264.8543793	210.8258921
264.9698926	211.4150379
265.0287852	211.3887066
265.2401651	210.8475397
265.4086892	180.5493117
266.2726078	180.8003466
266.4201334	175.3179695
266.7816615	180.9482659
267.0355426	175.2473273
267.1322183	181.0501297
267.30189	175.2167536
267.8833354	210.1124189
268.248448	209.9491747
268.3778358	181.4120774
268.9363783	211.0549452
269.2431254	209.504448
269.3552979	181.6961055
269.3682054	174.9795634
269.3952016	211.0806911
269.7806148	209.2641331
269.9120369	174.9171375
269.9965477	209.1675881
270.1352429	209.1055766
270.3761315	174.8638645
270.5887321	208.9028187
270.9702574	174.7956654
271.2487936	208.6077009
271.5541853	182.3350516
271.6852271	208.4125687
271.8793126	174.6913159
272.1658923	211.2361628
272.2461586	211.2406668
273.2877259	174.5296456
273.5350289	207.5855104
274.1175505	183.0799066
274.5740287	207.1209669
274.6365936	183.2307286
274.7866751	211.3832227
275.3280763	206.7838274
275.4927979	174.2765277
275.6989314	206.6180157
275.9041085	183.5990393
276.3278666	206.3368148
276.5464261	183.785682
276.8676441	206.0954768
277.3595112	174.0622495
278.0091012	205.585124
278.6839172	205.2834094
278.689406	173.9095923
279.0270782	205.1299799
279.074855	205.1086186
279.9481443	184.7741431
280.1350356	184.8284494
280.2300632	204.5921176
280.252754	211.6899406
280.4338593	184.9152807
280.7924359	211.7202237
280.9910694	204.2518669
281.084768	185.1044199
281.109966	211.7380413
281.8814623	203.8537665
282.5728624	203.544637
282.7996758	173.4377786
282.90332	203.3968873
283.1002119	203.3088557
283.5906981	173.346978
283.9879511	211.8995336
284.0421731	211.9025761
285.2244423	202.3590987
285.4825196	202.2437106
285.6878004	173.1062538
285.7037547	173.1044224
285.8690135	202.0709067
286.0867367	186.557877
286.2683253	186.6106424
286.56066	186.6955882
286.6892792	201.7041607
286.7511708	201.6764885
287.0057392	172.9549689
287.0472658	212.0712008
287.3866594	172.9112435
287.7704875	172.8671842
287.8527843	212.1164008
287.860265	212.1168206
287.983252	187.1089607
288.0420792	201.0993151
288.248035	212.1385795
288.3554128	187.2171021
288.5775811	212.1570713
289.5979758	187.5781623
289.6512762	187.5936502
289.892527	172.6235975
289.9851228	212.2360527
290.0829913	212.2415444
290.2523455	172.5822943
290.4260531	200.033425
290.9244439	199.8105913
291.1099809	188.0175163
291.1886058	199.6924828
291.2178476	188.0488599
291.2627844	188.0619174
291.3737102	188.0941499
291.8473667	188.2317836
291.8953254	172.3936983
291.9356525	212.3455027
291.9362717	188.2576174
292.0175909	172.3796636
292.0575691	199.3039638
292.1237012	172.3674833
292.1964629	212.3601375
292.2220907	199.2304051
292.3648675	188.3821575
292.4090656	172.3347266
292.8297585	188.5172441
293.219145	212.4175233
293.6549441	198.5897671
294.3374034	188.9553311
294.7373487	172.0674654
294.8530393	198.0540911
295.1620979	197.915909
295.2840654	197.8613765
295.7893921	171.9467024
296.9868144	189.725189
297.0605911	197.0670805
297.8855406	196.6982403
297.921798	171.7019257
297.9721086	196.6595352
298.1043711	196.6003998
298.2574793	212.7002392
298.2608821	196.5304227
298.4303975	212.7099421
298.4437009	190.1485267
298.7444717	171.6074918
298.9593454	212.7396229
298.9650474	196.2155858
299.1677607	171.5589029
299.1751333	190.3610641
299.2817614	212.7577147
299.357102	196.0402957
300.8542868	195.3708948
300.9164137	212.8494399
301.3438012	195.1520298
301.5981611	171.2799197
301.6211522	171.2772806
301.887987	194.9087208
302.1047709	194.8117953
302.1868763	171.2123417
302.3233568	171.1966753
302.5121088	191.3307125
302.7948456	171.1425536
302.9968168	194.4129559
303.2700119	194.2908086
303.4731556	171.064691
303.7961659	194.0555618
303.8171663	213.0122097
304.1208195	191.7981669
304.2773024	193.8404425
304.4215233	191.8855445
304.7814588	193.615031
304.879838	170.9032194
305.2162553	193.4206307
305.5006348	193.2934828
305.5177713	193.2858209
305.8815718	192.309801
305.9183326	192.3204829
306.0383332	170.7702369
306.262921	192.9526597
306.5523272	192.5047071
306.8514747	192.5916325
306.8721431	170.6745247
306.9121079	192.6092511
307.349506	170.6197288
307.6647985	192.3258713
308.2857409	170.5122593
308.2965068	192.0434304
309.1554024	191.6594127
309.3764024	191.5606022
309.4463325	170.3790362
309.6907533	191.4200539
309.8053586	213.3482249
309.8512901	193.4633099
310.0521232	193.5216674
310.3206035	170.2786795
310.3276667	191.1352858
310.7960432	190.9258716
310.866988	213.4077961
311.1859722	190.7515319
311.5820704	193.9662348
311.6174156	190.5586308
311.9236177	170.0946712
312.2927761	170.0522958
312.7355787	190.0586929
312.9632583	189.9568959
312.9855962	194.3740672
313.010969	189.9355641
313.0153164	194.3827032
313.4520839	169.9192201
313.65407	169.8960343
313.6554396	189.6474172
313.7450826	189.6073372
313.8549252	213.5754581
314.2077205	189.4004888
314.5350264	189.2541483
314.6481711	169.7819225
314.9021789	169.7527652
314.9691065	189.0600683
315.5013815	188.8220847
315.6798654	169.6634953
316.6005483	169.5578111
316.9863821	188.1581314
317.1577538	195.5864003
317.5683688	169.446716
317.6691222	169.4351506
317.777652	169.4226925
318.0753765	187.671235
318.3847925	195.9429495
318.6576295	169.3216808
319.0740378	187.2247271
319.350962	213.8838571
320.0061962	169.1668802
320.0240211	213.9216244
320.1815513	186.7295507
320.3535033	853.7118198
320.4400786	196.5401684
321.1709065	186.2872037
321.1810376	186.282674
321.3469622	186.208488
321.3645541	169.0109557
321.3849114	186.1915207
321.6252117	214.011472
321.775309	196.9281557
322.0370431	214.0345811
322.0741924	853.3703423
322.1927383	197.049451
322.5216774	847.3661109
322.5933251	853.2610388
322.9698394	185.4828892
323.242915	185.3607954
323.3990648	214.1110081
323.5276167	853.0643235
323.5393511	185.2282569
323.8185245	836.7828951
324.1887812	838.1542383
324.3787599	841.9308903
324.4353607	852.8731978
324.7279839	184.6968115
324.9505479	197.8508071
324.975992	168.5964025
325.4441996	197.9942509
325.7534006	184.2383411
326.1729403	214.2666585
326.4289592	828.7635757
326.8909354	852.356176
328.0403374	214.3714437
328.0457248	198.7501944
328.4926315	168.192731
328.50007	168.1918772
328.5897062	829.5896305
328.8199157	182.8672825
328.9876295	851.9147165
329.1100155	182.737577
329.7634492	830.0160812
330.1104592	182.2902722
330.1646315	182.2660514
330.2098542	853.969545
330.3682241	199.4250593
330.3825964	214.5028748
331.1470784	199.6513764
331.2204877	181.7939714
331.6596221	826.9714482
331.7370711	214.5788784
331.7524226	181.5561398
332.151111	199.9431252
333.3329062	860.0561606
333.3807554	200.3004316
333.5747394	823.8963967
333.5807224	180.7386953
333.8824896	180.6037732
333.8961168	200.4501838
334.2597932	180.4350784
334.730847	180.2244672
334.7667034	200.7031562
334.7811733	821.9592588
334.8084894	167.4677402
335.054341	862.9199022
335.2010135	180.0142527
335.3089475	860.6694412
335.5861209	179.8420687
335.5928843	858.1597294
335.8596296	820.227611
336.0042522	214.8183226
336.046329	201.074986
336.2255911	179.5561575
336.362032	201.166722
336.363106	179.4946737
336.5007327	824.3849468
336.5193872	824.719103
336.5199293	179.424557
336.6726277	827.4640931
336.7448195	179.3240071
336.7563604	828.9639941
336.7994054	829.7350573
337.0083269	833.4774576
337.0510909	179.1870712
337.1907161	167.1942868
337.5742424	214.9064194
338.1803128	835.8777667
338.5048743	178.5370753
338.8131249	167.0080522
338.8324878	167.0058295
338.8518636	167.0036054
338.9673446	846.6354111
338.9833751	214.98549
339.1000507	201.9623274
339.7077507	215.0261369
339.714728	166.9045581
339.7595485	215.0290434
339.8117271	215.0319713
340.1763199	177.7897613
340.836624	215.0894813
341.1356784	845.0100302
341.468528	177.2120067
341.684591	215.1370633
341.7094789	166.6755827
341.838453	202.7580441
341.8907433	202.7732385
341.9966254	176.975891
342.0423413	166.6373737
342.0935744	166.6314927
342.2354076	166.6152118
342.2534709	176.8610537
342.4669884	202.9406821
342.6248705	202.9865589
342.6927278	215.1936328
343.2899976	166.4941565
343.425572	215.2347549
343.5113505	840.9805478
343.8533685	166.4294878
343.9005909	203.357254
344.1352794	203.425449
344.1394654	166.396647
344.564526	203.5501783
344.7434016	203.6021554
344.7471359	203.6032405
344.8102941	166.3196432
344.8839972	175.6849285
345.0311835	166.2942876
345.3643075	175.4701787
345.6665221	166.2213577
346.1479543	166.1660946
346.441595	166.1323879
346.6195287	174.9089612
346.7247291	166.0998872
347.7104147	204.4643012
348.5506303	174.0455533
348.9208085	173.8800442
349.0323703	173.8301643
349.3054914	204.9277938
349.4530366	165.7867076
349.6603231	205.0308997
349.6805427	173.5403622
349.8415508	215.5947745
350.0677974	205.1493024
350.5222813	205.281365
350.7202385	173.0755075
350.9035284	215.6543652
351.7282576	215.7006432
351.8271161	165.5141894
351.9818462	172.5114346
352.0370915	165.4900866
352.1158756	205.7444268
352.3349751	215.7346879
352.9403897	172.0828637
353.241967	165.3517801
353.2836565	165.3469946
353.4690353	206.137624
353.7300787	165.2957503
353.8106861	165.2864975
354.0442655	171.5893137
354.0809149	171.5729276
354.5276588	165.2041969
354.8417459	171.2327551
354.974633	215.882807
355.2777123	206.6631839
355.564996	170.9093853
355.6683088	165.0732629
355.9172193	170.7519041
356.3561892	215.9603302
356.6739431	164.9578271
356.9096123	215.9913844
357.2585679	170.1521785
357.6804232	164.8422943
357.7556712	207.3832218
357.8137259	207.4000912
358.0884344	169.7811398
358.1759574	216.0624428
358.4711448	207.591122
358.7998802	207.686645
358.8940689	164.7029812
359.2148968	169.2774913
359.2583726	164.6611631
359.3610354	169.2121518
359.5239713	207.8970492
360.1998216	216.1760078
360.2108359	216.1766259
360.2966536	208.1215729
360.3371487	164.5373315
360.521135	208.186802
360.6481172	208.2237001
361.0329877	168.4646112
361.3283962	168.3325321
361.5913077	208.4977696
361.8284288	208.5666715
361.8473978	168.1004832
362.1787579	167.9523299
362.4395387	208.744246
362.5771995	167.7741842
362.6935486	167.7221637
362.7602784	164.2591829
362.9775021	208.9005658
363.8188513	167.2190337
364.1107912	209.2298736
364.3416046	166.9853073
364.8377611	164.0207108
364.876658	166.7460815
365.1205249	166.637047
365.3001362	216.4622016
365.4705905	209.625
366.5965711	165.9770973
368.0649497	163.6502651
368.3458539	163.6180204
368.977732	164.912465
369.209379	164.8088941
369.3851528	164.7303045
369.6828397	210.8489828
370.8800794	216.7753088
371.1262314	211.2683992
371.4729331	163.7968445
371.4991254	211.3767537
371.9633812	211.5116557
371.9774833	163.2011494
373.0800969	216.8987583
374.903014	217.0010476
375.0204976	217.0076399
375.1094363	212.425827
375.3477933	217.0260055
376.170212	217.0721538
376.3573093	217.0826524
376.914133	212.9502304
378.9723124	213.54829
378.9988247	213.5559939
379.6668104	213.7500952
380.6145472	217.3215387
380.8168875	217.3328926
381.3474314	217.362663
381.9468322	217.3962971
382.1039794	214.4582804
382.1711645	217.4088851
382.3691396	217.419994
383.9885828	217.5108658
384.2128525	215.0710705
384.3837719	215.1207358
386.5525693	215.7509384
387.363176	215.9864821
387.442267	217.7046623
388.4055177	216.2893626
388.4552877	216.3038246
389.492447	216.6051993
389.8255979	216.7020053
390.1902753	216.8079721
390.6198595	217.8829664
390.8821006	217.8976816
391.9073152	217.3069045
393.0070658	218.0169197
393.8706579	218.0653784
394.078906	218.0770638
394.2159855	218.0847557
394.5663361	218.0795548
394.6639809	218.1098941
396.3909959	670.9576161
398.0670607	697.7007207
400.8043144	692.047726
401.0659893	691.5073131
404.2356531	683.2341195
404.3115492	684.804561
404.4447857	683.5614018
406.7997079	670.7380926
411.1744744	671.2046751
411.7691284	696.177023
412.5870004	695.9996523
414.4814287	670.1479018
415.156111	669.4185561
416.6855834	667.7651645
416.9050535	667.5279127
418.4680639	698.7251924
419.1380447	699.3017383
420.1059659	664.0676595
421.541108	701.3696728
423.124097	660.8049966
423.7968478	660.077739
425.3446256	660.0259391
425.5564123	661.0021037
425.8869236	662.525492
426.515114	665.4209391
426.7235874	666.381832
426.8002344	666.7351124
427.1684875	668.4324597
427.4434964	669.7000271
428.6853207	699.3391369
428.7375051	675.2645516
428.8933635	697.1077031
429.2061039	675.451603
429.280874	692.9513276
429.305761	675.4913833
430.4152947	675.9342777
432.0527267	676.5878941
436.1734123	678.232755
438.675179	679.2313894
438.694141	500.9718341
439.5019254	684.8192495
439.54019	167.3538397
439.5670003	167.4040742
440.4811674	503.2549094
440.8922787	166.5430151
442.109269	683.4310782
442.2331103	497.5053482
443.1782271	505.833157
443.2451048	167.4797341
443.6887363	496.0795356
444.4694483	156.0598173
444.5381398	494.1887943
444.6025507	508.6091415
444.8412902	511.7247816
445.0672675	486.7979244
445.1196665	515.357698
445.1491791	515.7428477
445.2465996	157.447411
445.4954814	163.7825528
445.5169803	156.133696
445.7115451	519.7709217
445.8548376	519.4798795
445.9685155	158.7363825
446.0006484	156.2305229
446.2099618	163.354091
446.2578759	518.661266
446.6882202	160.0214062
446.977772	517.1990805
447.0854093	516.9804579
447.2715405	156.4849465
447.3489374	161.2011082
447.4930702	486.348362
447.5308351	161.5258842
447.6835988	167.5710356
448.2345736	156.677739
448.2793745	167.5832909
448.5976562	167.5898381
448.9665821	489.2838962
450.8087972	491.4125331
452.9115425	167.818964
453.1337931	511.620767
453.3818053	511.7017562
453.5461859	168.3232617
453.82124	501.5757262
453.847644	500.5491995
454.1648992	499.35194
454.2352811	499.0863327
454.3094467	498.8064462
454.3661426	503.5843823
455.2137171	506.708768
455.2703842	495.1800554
455.5419508	489.7745554
455.6209612	489.7472127
456.3018426	170.5129501
456.6464064	489.3923422
457.3464363	171.3430007
457.849904	171.7430641
458.9959014	774.8287679
459.3962905	172.9718472
460.2725945	775.8290432
460.3897781	157.1518681
460.4223493	157.1410299
460.4236414	172.4595993
460.4693231	775.983178
460.6489579	774.1870734
461.3416065	156.8351427
461.449817	156.7991352
461.4829667	774.2173391
461.9868001	170.3530299
463.279223	168.6113141
463.6052063	774.2943539
463.6332261	168.1342467
463.9799634	155.9572171
463.9944006	167.6475148
464.010823	774.3090735
464.2411593	778.938371
464.28592	167.2546527
464.4495698	774.3249953
464.7694551	779.352285
464.9095425	774.3416875
464.9564084	795.4717017
465.6310159	795.9462287
465.8377753	780.1893024
466.2733241	166.8357328
466.7005296	780.8652611
466.7822479	795.1720003
466.7858767	790.4665763
467.0467398	789.7528976
467.0638439	159.9843047
467.3687899	157.701046
467.4036721	774.4321979
467.4188928	788.7347482
467.5232377	794.6736687
467.679376	155.3755575
467.7295101	154.7095378
467.7984552	787.6963277
467.9283767	161.7346717
467.9465329	787.2912113
468.1109245	774.4578637
468.6797313	785.2853007
468.8318494	784.8691305
469.1075418	784.1148812
469.1659916	793.5688812
469.4319657	783.2273105
469.5426651	782.9244552
469.8649081	782.0428512
469.9538578	783.4142088
469.9673018	781.7627188
470.0096421	781.6468825
470.3664249	162.6993302
471.0921555	784.3060528
471.9711018	791.6823842
472.0174395	785.0310028
472.90633	773.7220194
472.9656011	773.5598634
473.3326701	790.7667001
473.3941122	774.6495874
473.5014176	786.1936837
473.5616309	786.2408601
473.8618339	771.1079173
474.4831094	774.6891064
474.5003667	769.3609964
474.8103527	789.7729266
474.8245755	789.7633615
475.5865498	164.7647684
475.7097318	165.6436366
475.7964647	789.1097451
475.8296896	765.7241868
475.9010181	774.7405615
476.184834	764.75257
476.6517431	788.5345519
476.7728074	788.4531335
477.0695489	788.9892761
477.5050097	761.1407856
477.6150742	787.8866909
478.2568937	787.4550535
478.3123182	763.5863102
478.6051356	764.6127793
478.6863226	764.8973795
479.1929545	766.6733735
479.3208257	774.8646642
479.3443818	774.8655191
479.4238919	767.4829226
479.529631	767.8535903
479.6138082	768.1486726
479.6766287	791.0318951
479.9926327	791.2794808
480.1450328	774.8945742
480.264028	770.428013
480.5667646	771.4892537
480.7741259	785.7621606
480.8369683	772.4364504
480.8988839	785.6782581
481.1094829	773.3917481
481.2584989	773.9141223
481.6530762	774.9493002
481.7606501	775.6744094
481.8795252	774.9575179
482.1114893	776.9042731
482.1502244	777.0400588
482.3764181	777.8329791
482.4084022	777.9450988
482.7548251	774.989282
482.8134858	774.9914107
482.8829146	779.6084981
482.9155985	784.321974
483.1878305	780.6773784
483.2251061	780.8080477
483.6696535	775.0224805
483.8718222	794.318784
484.1158074	775.0386712
484.8325876	786.4430607
484.9676971	786.9166861
485.0484131	787.1996353
485.123867	787.4641385
485.6129854	789.178739
485.6190391	789.1999601
485.7773482	789.7549115
485.9661644	790.4168048
485.9794692	795.9701028
486.7226274	793.0685799
486.8230671	775.136916
487.0443162	794.196257
487.5824548	796.0826977
487.7571747	796.6951769
487.7893785	781.0442518
487.8497931	781.0036217
487.9528632	797.3811612
489.3085249	780.0225931
489.918517	779.6123603
490.0178582	775.252853
491.3888648	778.6235196
491.6989666	775.3138595
491.9951981	778.2157474
493.1676601	777.4272414
493.9829895	776.8789148
494.2253582	776.7159167
495.3812309	775.9385674
495.7819949	775.6690449
501.0439557	652.8067601
501.2380531	652.5403923
505.3162007	653.4117756
507.0934503	651.2080058
510.5588029	654.1542086
510.8487006	650.3535046
512.5645352	654.4382511
512.7497612	654.4644819
513.5105867	649.3404548
513.7052672	654.5997963
513.7220402	647.8191699
513.7990826	647.2648955
513.9554236	646.1401133
514.0676884	645.3324335
514.2126189	644.2897431
514.9539979	655.1204483
515.5844885	656.0853567
516.4970375	657.4819299
516.9167198	644.9615826
517.4690775	645.1355704
517.9544428	659.7123559
518.3311609	645.407119
518.4198779	645.4350641
518.9437952	659.937778
519.1488033	659.8439202
520.9301921	659.0283555
521.2967236	646.341245
523.9880139	657.6284076
524.6914456	647.4105524
528.2393471	647.5444947
528.547262	655.8578248
530.1168041	647.3576342
533.9110784	656.0108341
534.9258342	651.4181856
535.1105456	646.8606147
536.072668	652.2645671
536.0740794	652.2653696
536.3401843	646.7382306
538.5520893	653.6742025
538.8504005	647.8966634
539.6901589	656.1756894
540.7965963	656.2072519
541.6044974	655.4096003
550.6807191	559.964067
551.345601	559.047401
551.7350629	560.1843753
552.969737	547.3309473
553.1671024	547.5921019
553.7786064	555.6930409
554.8640534	559.7839702
555.1341836	544.2337841
555.3667661	553.5034609
556.2374068	544.3613175
556.4277135	551.9065533
556.7247401	559.5458651
556.798315	544.4261589
558.48233	559.3209529
561.947006	558.8775913
562.1296893	545.0424698
563.8623586	558.9658783
564.7986803	544.0730834
564.8801669	559.694796
565.2808465	543.7158849
565.3078712	543.6958645
565.6461916	560.2433953
569.1247848	540.8682178
572.663018	565.2685936
572.8519846	565.2032753
572.9651791	564.6152788
573.0005603	540.6963312
573.1652121	541.4556521
573.1854486	541.5489761
573.2806601	562.976492
573.4819405	542.9163013
573.7482674	560.5474744
573.7617198	544.2065535
573.7626093	544.2106559
574.0135708	559.1693381
574.4363442	556.9732134
575.7759731	548.1222233
576.9274685	548.5171495
577.0424134	555.168544
577.3847403	548.6739791
577.8375583	548.8292812
58.26134403	199.2123038
58.52344339	199.1822177
58.92327757	199.2704868
580.5327147	549.7536337
580.6006868	553.8950158
583.5280888	552.8472804
585.2416237	552.2339956
59.17883893	199.1069855
59.72187115	199.0446514
59.75199598	199.3169886
61.69278826	198.8184118
61.81400566	199.4326941
61.82344132	199.4332236
61.93063096	198.7911101
616.1082327	382.8099407
617.3802787	381.6487788
619.5101458	861.9617089
619.6673653	379.5610572
619.7068435	382.6981739
62.93426434	199.4955552
620.4286274	378.8661542
621.1383473	861.8060046
621.9453697	382.3722926
621.9460265	377.4810266
622.1916207	377.2568408
622.2773321	377.1786008
622.2921069	377.165114
622.6437422	376.8441306
622.6613496	859.2174571
622.8173121	859.1106501
623.1249334	376.4048848
623.8693708	351.1157176
623.8740593	348.342465
623.8850262	375.7110492
623.943925	351.2483601
624.1091032	858.2259995
624.2133722	858.1545936
624.2632896	375.365759
624.3147497	375.3187847
624.4972505	861.4847941
624.9436538	381.9358069
624.9487712	374.7400308
625.1671719	374.540668
625.2648787	857.4344958
625.4262064	374.3042135
625.6347985	374.1138043
625.7813345	373.9800419
625.8113312	354.5707397
626.1493423	373.6441133
626.3537277	355.5357396
626.3710846	373.4417002
626.6366295	856.4950868
626.6967221	373.1444484
626.7606012	856.410188
627.1024444	349.8336235
627.6269653	381.5451744
627.6595102	357.8589114
628.1347088	61.91993022
628.4488504	61.26132698
628.4505903	61.94656408
628.5183946	350.4876365
628.6087593	61.95762969
628.6594534	60.8197943
628.7351303	61.9664707
628.7830975	350.6099001
629.0275239	360.2928011
629.0732433	360.3741423
629.1951898	350.8002414
629.2834051	59.51166879
629.4947596	370.5903155
629.6077575	361.3251186
629.843787	370.2717128
629.8470357	58.33000769
629.856412	361.7675101
629.8806846	62.04661445
629.952552	854.2242609
629.957339	58.09875501
629.9921994	854.1971093
63.88723735	199.5490293
63.92904605	199.5513753
630.2198668	362.4141477
630.2272711	57.53283773
630.2958805	62.07566184
630.3844071	381.1437501
630.3854866	57.20113627
630.4016338	362.7375369
630.4244661	62.08465778
630.4906468	62.08928782
630.5550433	369.6224566
630.5757115	853.7975058
630.6284819	363.1411318
630.7115124	363.2888547
630.7568885	39.86899401
630.7802763	40.55047852
630.830667	41.06017995
630.9855662	40.39732138
630.994995	55.92329159
631.0094483	351.638229
631.0308719	55.84807513
631.0540193	40.55547243
631.109971	40.68474102
631.1845731	55.52583786
631.2244918	853.353205
631.2305067	62.14104892
631.2595492	364.2638897
631.3611345	41.26501843
631.3995099	46.8140211
631.4097034	46.91712822
631.4244462	47.06625102
631.4732842	54.9205501
631.5258859	364.7377402
631.5423362	48.25870731
631.6265508	364.9168373
631.6330229	62.16920923
631.7119193	853.0194025
631.7309808	62.17606243
631.7411394	42.14296599
631.8547113	42.40535751
631.9540818	62.19167073
632.0051656	368.2987412
632.007688	52.96573684
632.015124	53.04095125
632.1293155	54.19599773
632.2762278	55.68201389
632.2828358	43.39447838
632.3378469	56.30529036
632.4450748	367.8971789
632.4549971	43.79223261
632.5595006	58.54731582
632.6060902	59.0185694
632.69481	62.24349258
632.7340967	60.31335335
632.8107285	44.61409957
632.8194884	61.17708936
632.8296245	62.25292429
632.8493132	62.25430173
632.8895405	61.88566654
632.905259	62.04465839
632.9059136	367.4765113
632.9103062	62.09571149
632.9311292	44.89226829
632.9656801	62.65581785
632.9753623	44.99446261
632.9842564	51.75277123
633.0206868	45.09917836
633.1144935	64.16106388
633.1181974	852.0563484
633.1726381	62.27692176
633.4205604	50.83805244
633.4313306	380.7001835
633.437187	67.42510526
633.6051941	352.8371778
633.6220862	69.29535929
633.7745143	368.738368
633.7831541	62.31963387
633.7858663	46.86701696
633.8052317	368.7930186
634.3262968	75.97501507
634.3883925	75.43836687
634.4079018	369.865254
634.4606684	74.81373802
634.76434	72.18932332
634.7708309	49.14263779
634.8646205	71.32267151
634.9542327	70.5482178
634.9731826	62.40288908
635.0486159	371.005175
635.0511221	850.7326337
635.0718798	380.4613548
635.1029507	850.6971402
635.1453692	68.89636275
635.2539156	62.42252935
635.2831574	67.70555785
635.4663219	860.4358265
635.5057677	65.78169796
635.5250019	850.408109
635.5495144	46.37466435
635.5710089	65.21786511
635.6058069	850.3527717
635.607823	51.07638915
635.6126878	64.85766425
635.659575	62.45090956
635.7720944	63.48002819
635.7923124	364.8417196
635.7936325	63.29388928
635.8109655	63.14409346
635.8132734	51.55105307
635.8387893	62.9036322
635.8545502	62.76742156
635.9884255	850.090745
636.0044116	61.47227787
636.0694135	62.47958214
636.079184	850.0285914
636.1116807	353.9948986
636.2711285	62.49369426
636.3222853	373.2712128
636.4140799	52.93913129
636.4310713	62.50488396
636.5151795	373.6143989
636.7173446	53.63978121
636.7220178	354.2768071
636.7819757	62.52943347
636.7876265	374.0991206
636.8043071	54.55935693
636.8881229	53.83499762
636.8998243	374.2987363
636.9107847	374.3182365
636.9776808	53.06101322
636.9839939	43.36725359
637.0113798	52.7697772
637.2037298	51.10743449
637.2345675	860.2667299
637.2419503	50.7771217
637.4164692	49.26888076
637.4462417	375.2708901
637.4536426	42.38262715
637.5074971	48.48219271
637.536218	48.23397828
637.5899609	55.65583723
637.6656688	62.59125724
637.70413	55.91960877
637.7076563	46.752361
637.714883	62.5947003
637.7486773	363.0558907
637.8638943	41.52252751
637.9283046	44.84545586
638.0612863	56.74476762
638.0779693	56.78331141
638.0931984	41.04178751
638.149132	56.94772273
638.2139796	42.3765728
638.215171	380.0037592
638.2511013	40.71074154
638.3378641	362.5180632
638.376041	40.97599337
638.4308011	40.50274115
638.4841027	362.3845723
638.6634005	377.4363878
638.7357185	58.30294748
638.7412709	379.9271703
638.7569704	58.3520469
638.7979285	355.2356493
638.9016006	62.67772388
638.9157794	848.0860205
638.961122	62.68188803
639.0830327	62.69041699
639.1881307	361.7419143
639.3029458	847.8208793
639.4870624	62.71868318
639.5436046	355.5800696
639.559089	379.0299442
639.6622141	860.0345751
639.7013294	62.73367345
639.7306286	847.5279916
639.8162334	60.79932359
64.27114043	199.5705712
640.031055	379.8696384
640.0861813	859.9940313
640.1572799	61.58726316
640.2584082	61.82090583
640.2847358	859.9750436
640.319725	360.7089609
640.4502045	847.0352081
640.6001856	380.8822022
640.7392013	859.9315832
641.0035439	381.5998335
641.1974668	381.9448499
641.5952734	846.2510365
642.0136087	383.3968817
642.0650793	359.1157489
642.2605894	859.7860935
642.5246236	379.3763955
642.7663088	859.7377318
642.7756285	384.7526226
643.2363802	357.2857253
643.7235555	386.4391188
643.943732	386.8308438
644.0636192	387.0441401
644.1980326	387.2832806
644.3459717	387.5464852
644.4798443	356.9114786
644.5177559	387.8521135
644.5481	844.2288676
645.6311737	389.8330413
646.1041809	355.4287352
646.2511025	390.9359821
646.5642321	842.8481704
646.682668	859.363212
646.7775105	358.9213376
646.9023477	842.6166205
647.0958227	392.4388588
647.6328497	393.3943057
647.6591161	842.0983667
647.6935934	393.5023773
647.9830745	378.5817623
648.150321	394.3149603
648.2885144	859.2096456
648.3679647	359.6559523
648.4585129	841.5509199
648.6611507	378.483049
648.6746772	841.4028853
648.6968197	395.2872588
648.7214601	859.1682432
649.2494894	360.0631196
649.37104	352.4466478
649.4318592	396.5949979
649.4873415	396.6937089
649.5683803	396.8378883
649.7643922	859.068508
65.59189793	198.370837
650.2395166	840.3312444
650.4532193	360.6191103
650.6330106	398.7320161
650.8043906	858.9690534
650.8416714	839.9188739
651.2573753	399.5004901
651.2683817	399.4366111
651.9505067	395.4776803
651.9684414	395.3735905
652.0551141	394.8705575
652.094839	394.6400012
652.0995794	394.6124889
652.1523658	394.3061264
652.2872661	858.8272467
652.3185682	393.3415174
652.5336506	392.0932177
652.5516533	391.9887334
652.8645642	349.2576536
653.160499	388.4551021
653.2367508	388.0125505
653.2966371	838.2376525
653.4940455	858.7118428
653.5322779	348.6481444
653.5902903	348.595189
653.5997612	385.9057032
653.6025623	858.7014654
653.816071	384.6502804
653.9846278	383.6720069
654.0037094	837.7534319
654.2461097	382.154413
654.4906686	380.7350369
654.5336704	380.4854624
654.594813	380.1306018
654.5951217	380.1288103
654.6238773	379.9619175
654.6360648	858.602632
654.8881207	378.4282966
654.9352107	378.1549945
655.2090536	376.5656595
655.390826	375.5106853
655.4874776	374.9497369
655.559126	346.7979764
655.8900816	372.6130956
655.9392746	836.4279088
655.9817695	372.0809554
655.9920662	858.4729582
656.0144837	371.8910882
656.0861345	371.4752396
656.1577679	858.4571122
656.2515838	346.1658801
656.3018958	370.2229998
656.3057025	370.2009068
656.3829192	369.7527545
656.4683859	369.2567215
656.6429298	345.8086476
656.6596182	368.1468433
656.7172192	345.740834
656.7894329	835.8456993
656.8389983	367.1057537
657.0403879	365.9369247
657.1514432	365.2923798
657.1978362	365.0231229
657.2806007	364.5427724
657.5503225	362.9773558
657.7281684	363.9793357
657.7595671	361.762938
657.8652285	377.1431331
657.961447	364.0870848
658.0798343	359.9041643
658.1043845	359.7616793
658.1393651	344.4426564
658.1581786	377.1004858
658.2653283	358.8275904
658.2697744	358.8017865
658.3183248	358.5200088
658.459796	357.6989353
658.4928559	357.5070612
658.6655785	364.412316
658.8733704	355.2986238
658.9774113	354.6947888
658.9900793	354.6212662
659.2975936	376.9346115
659.3737749	343.3158499
659.5195108	351.5485411
659.5729229	364.8314092
659.6788851	350.6235609
659.9575928	349.0059915
659.9724707	348.9196432
66.67208633	198.2468433
660.0175385	348.6580775
660.3250222	833.4244401
660.4282997	700.3329798
660.4513952	376.7666428
660.5841653	345.3694773
660.7610801	344.3426956
660.7643617	833.1235695
660.7744367	833.1166699
660.7855056	342.0271796
660.8034306	342.0108171
660.8175607	700.9188443
660.820807	700.0437817
660.9911186	365.4864595
661.0744548	365.5249516
661.0759108	701.3076791
661.2103061	341.7354686
661.2708316	832.7767263
661.504041	832.6170188
661.6089105	376.5981334
661.9320065	702.5961621
662.1555302	702.9325806
662.2317427	703.0472857
662.3094297	832.0654686
662.4068293	366.1403619
662.6188431	366.2382889
663.0122702	857.801619
663.5075811	704.9675104
663.5469707	701.1066042
663.6754207	376.297294
663.7581439	705.3446247
664.0170604	830.8960408
664.3603597	830.6609409
664.7171109	830.4166288
664.7210094	701.5643151
664.9476227	376.1120887
664.95256	701.6545874
665.4896247	701.8639675
665.501813	829.8792454
665.6785763	708.2350077
665.972881	829.5566463
666.5440652	702.2750518
666.5471665	702.2762609
666.9369279	375.8224886
667.1496796	710.4491196
667.3147825	710.6976109
667.3664321	702.5956598
667.5857615	828.4521057
667.9405253	375.6763864
668.0645908	857.3184677
668.1742571	711.9911793
668.279007	827.977354
668.3168135	375.6216069
668.4547356	375.6015284
668.5974007	827.7593101
669.3539999	713.7667735
669.764583	714.3847294
67.14302477	199.7317212
67.19048993	198.1873363
67.30413875	199.7407618
67.64498392	199.7598876
670.0070349	703.6251255
670.0717926	714.847101
670.1974873	826.6635312
670.3591882	715.2796512
670.4609387	715.4327927
670.5256513	715.5301896
670.7147278	715.8147628
671.0960406	375.2170112
671.3226591	825.8929856
671.4590237	825.7995997
671.7354459	717.3510138
671.7405283	717.3586633
671.7729674	825.5846033
672.3736161	704.5477611
672.8406146	370.9596219
673.0057026	704.7941865
673.0284999	719.2971493
673.0617859	371.0617787
673.1665816	856.8305665
673.2852581	719.6835879
673.6690731	824.2861031
673.7492862	720.3819823
673.7844866	371.3955868
674.1545795	371.566529
674.2317341	823.9007789
674.4678071	705.3642027
675.2656728	722.6642486
675.6643738	374.55196
675.8408703	723.5299604
676.0102336	856.5586293
676.2308976	724.1169784
676.4581187	374.4364078
676.7853627	706.2677251
676.8412842	725.0356524
677.205627	725.5840133
677.2597323	821.8271306
677.3752372	821.74803
677.5559935	726.1113391
678.1386474	373.4067296
678.1576169	821.212237
678.1927882	374.1838772
678.3168584	706.8647942
678.646136	727.7520787
68.4728525	199.8063418
680.0102602	729.8051795
680.0181444	856.1753544
680.3135642	819.7357908
680.4804029	819.6215355
680.9082693	819.328522
681.3344748	731.7982138
681.8232713	708.2318047
681.9381794	732.7068308
682.1043469	708.3413849
682.240527	855.9628289
682.3808768	733.3731208
682.4815792	733.5246848
682.6081233	733.7151425
682.9270525	817.9460092
682.9531112	855.8946848
682.9597913	734.244427
683.1879127	817.7673657
683.2537977	708.7895099
683.7257556	735.3972561
684.1038774	817.1400903
684.1210624	735.9922201
684.2468572	709.1766642
685.0952387	737.4584226
685.4670984	855.6542732
685.5878133	709.6994495
685.6672599	855.6351319
685.6715921	738.3258741
685.7410178	855.6280785
685.7921363	738.5073014
686.0064096	709.8626434
686.0572933	738.906381
686.3420896	739.335019
686.4964383	710.0536861
686.4976796	855.5557192
686.5090906	710.0586187
686.9784733	740.2928203
687.707337	741.3898105
687.9859214	741.8090992
688.126713	855.3999354
688.1278667	855.3998251
688.5600876	814.0883671
688.7103336	710.9167956
688.7498582	742.9588767
689.9442565	711.3978529
69.18418004	199.8462565
690.110376	745.0065497
690.7152933	812.6124288
691.048019	746.4177671
691.2075676	855.1053146
691.370434	746.9030239
691.4068347	855.0862588
691.5940212	747.239538
692.1519297	712.2585366
692.5442757	712.4114966
692.6472936	811.289347
692.8330166	749.1043113
692.8764376	811.1324236
693.0983126	749.5036002
693.1212642	712.6364414
693.8073471	810.4949136
694.4418203	713.1512736
694.834138	713.3042226
695.081581	809.6222867
695.4419002	713.5411648
695.5636985	809.2921207
695.8323926	809.1081122
696.1666563	808.8792001
696.4404742	808.6916829
696.5369037	713.968063
697.5450709	807.9352276
697.8538828	756.661061
698.3331519	807.3955302
698.45867	854.4118947
698.9017511	714.8900227
698.9278549	714.9001995
698.9714947	758.343144
699.179101	806.8162033
699.2162755	758.7115559
699.2547618	758.7694804
699.3450654	806.7025468
699.4800975	806.6100735
699.4862591	854.3136268
699.8851264	806.3326996
70.24572248	199.9058228
70.68441469	199.9304391
70.70895621	197.7834551
70.91153963	197.7602008
700.06988	806.2061758
700.1799974	715.3883599
700.3093552	806.0421773
700.5818776	805.8555471
701.0357186	805.5447455
701.2339121	715.7992392
701.6788661	762.4179244
701.7437694	854.0977421
701.9609606	762.8424961
702.0885094	804.8237683
702.1294546	763.0960912
702.3211384	716.2231053
702.4864307	716.2875462
702.5369953	763.709468
702.9143601	716.4543788
703.3722233	764.9665437
704.1303218	766.1075341
704.2385737	766.2704607
704.7526738	802.9992825
704.8785315	767.2336413
705.4864322	768.1485737
705.5850737	853.7303997
705.8501463	768.6959885
705.9257042	717.6283817
706.3751998	801.8881364
706.7089079	769.988484
707.043557	801.4304288
707.4096938	801.1796893
707.7185449	771.5080571
707.7691058	800.933555
708.3815231	800.5141565
708.4775445	853.453794
708.6552519	800.3267002
708.8176983	718.7558549
708.9855826	718.8213063
709.392808	799.8216035
709.4370669	799.7912939
709.5859136	799.68936
709.682554	799.6231782
709.8548509	799.5051851
71.01464967	197.7483649
71.26725393	199.9631439
71.34890392	197.7099962
71.64244907	197.6763004
710.1935084	799.273264
710.4512465	799.0967586
710.4758957	853.2626925
710.5123883	775.712984
710.8776289	776.2626962
711.0055188	719.6087988
711.0249797	776.4844693
711.2267899	776.7882077
711.4375085	853.1707339
711.4460605	777.1182249
711.5469482	719.8198805
711.6912083	777.4871892
711.81592	798.1621963
712.0895961	720.0314373
712.7886732	779.1389496
713.6019468	780.3629825
713.6646452	780.4573478
714.1043372	720.8169045
714.1543946	720.8364199
714.8186127	796.1058779
715.0019293	782.4700525
715.6841783	783.4968842
715.9642511	721.5420107
716.4196044	784.6037513
716.7761921	785.1404403
717.0952045	794.5468113
717.345326	722.0804367
717.3716058	786.0365789
717.6570397	722.2019614
718.037523	793.9014883
718.2465707	793.7583273
719.3546464	789.0211917
719.68791	789.5227763
719.8989907	789.8404674
72.96807591	200.0585821
720.290471	723.2286312
720.3351777	790.4969589
720.4668078	792.2378538
720.5044698	792.2120619
720.6883863	791.0285621
720.885124	723.4604627
721.0298255	852.2534246
721.115415	791.6712697
721.1573089	791.7343229
721.348857	792.022616
721.5762473	791.4780821
721.8036382	792.7070931
721.9623281	723.8804216
722.0704685	793.108691
722.1096671	793.1676877
722.3095087	793.468463
722.6584623	790.7369544
723.3399568	724.4175041
723.7064879	724.5604
723.7397535	795.6210801
723.8356099	795.7653505
724.1007834	724.7141201
724.1960077	724.7512442
724.2335283	724.765872
724.2811227	724.7844272
724.9538945	789.1649855
725.0137487	789.1239959
725.0618633	725.0888068
725.0992846	725.1033959
725.8337528	788.5624367
726.9232464	800.4124562
727.2072951	800.839969
727.3303577	787.5375246
727.5203107	726.0472573
727.6146491	787.3428348
727.9547523	787.1099237
728.0673438	726.2605237
728.8041448	726.5477731
729.0107876	803.5543495
729.2885457	726.7366216
73.03022324	197.5169993
73.11573193	197.5071838
73.13915266	197.5044954
73.50577142	197.4624116
730.1481551	805.2661659
730.9000493	727.3648826
731.0750033	806.6611364
731.707933	727.6798442
731.7760524	807.7162636
731.7975974	851.2237071
732.2968842	784.1363241
732.3356724	808.5585302
732.5853316	851.1483764
733.683048	810.5864234
733.7271027	810.6527286
733.7814779	810.7345672
733.7844509	783.1176015
733.8604432	728.5190221
734.0203768	728.5813738
734.0798346	811.1836145
734.5259265	811.8550135
734.6631117	728.8319505
734.7322844	812.1655964
734.8044142	728.8870387
734.8514826	782.3868717
734.854683	782.3846801
734.9095825	812.4324423
735.2579124	782.1085385
736.0893465	729.3879825
736.6831822	729.6194954
736.9267137	815.4683637
737.1404386	780.8193379
738.0049144	817.0911301
738.3364105	850.5984032
738.6832961	818.1121413
739.324905	819.0778069
739.3304524	779.3195622
739.4963824	779.2059292
739.7464137	779.0347015
739.7541799	819.7238952
739.8559025	819.8769946
739.8688835	819.896532
739.9519047	730.8938399
74.86574556	197.3063015
740.3120315	778.6473524
740.3851909	820.6736101
740.5461545	820.9158715
740.602894	821.0012683
740.7314508	731.1977538
741.5024277	822.3551285
741.5627467	822.4459129
742.3670616	777.2400169
742.4238592	777.2011204
743.0167554	850.1508238
743.0206971	776.7923911
743.0552274	824.6921991
743.1100184	850.1419051
743.3897842	825.1957302
743.6707753	732.3436792
744.2112327	826.4320667
744.4273257	850.0159315
744.4905408	850.0098863
744.9249616	827.506278
744.9964902	827.6139333
745.2082747	732.9430889
745.3619118	828.163918
745.4262518	828.2607542
745.4989555	775.0952183
745.8978776	733.2119375
745.9596632	733.2360253
745.9877753	849.8667064
746.6137186	774.3318008
746.9155405	830.5022364
746.9430632	849.7753526
746.9567858	774.0968599
747.173243	733.7091516
747.2354002	830.9836471
747.828554	831.8763845
747.8952838	773.4541532
748.3176473	832.6125036
748.3357666	734.1623732
748.7389586	833.2466062
748.9611197	772.7242423
749.1363049	734.4744711
749.3701049	849.5432556
749.6542947	772.2495389
749.9728284	835.1036653
75.82316529	197.1964003
750.3105759	835.6119984
750.4656224	771.6939216
750.6564845	771.5632145
750.6643669	735.0702016
750.7237927	836.2339182
750.8550166	735.1445283
751.3238419	771.1061916
751.4125135	771.0454671
751.9287291	849.2985755
752.0898329	770.581622
752.1336848	838.355903
752.3019135	735.7086156
752.3205649	838.6371705
752.6387693	770.2056967
752.974472	839.6213456
753.0237225	735.9900202
753.7541655	736.2747908
753.8859197	849.1114102
754.3630293	849.0657844
754.4881257	841.8994989
755.0529789	842.7496417
755.1070176	842.8309738
755.3731685	843.2315492
755.668088	737.0209528
755.7848504	768.0511823
756.2353446	844.5291836
756.4371843	737.3207928
756.9273722	737.5118975
757.0009393	767.2183745
757.2378298	737.6329325
757.4966955	737.7338539
758.1820469	738.0010451
758.4832028	766.2032837
759.4055519	765.5716361
759.4301894	849.3376452
760.1295642	738.7603044
760.2887905	850.6298991
760.3388808	738.8419086
760.6189171	848.4675365
760.6350732	851.1510783
760.7204656	851.2795998
760.9195713	851.5792675
761.17096	764.3626409
761.790161	739.4077048
762.040612	848.3315804
762.1681579	739.5550707
762.1742257	848.318803
762.1921742	853.4946227
762.662544	739.7478122
762.7843129	854.3858322
763.3198231	740.004059
763.5739298	762.7170276
763.8070842	855.9251734
764.414791	848.1045386
764.5961376	857.1127532
764.7260813	848.0747701
764.9723835	857.6790292
765.0885485	740.6936145
765.1271225	740.708653
765.2732069	858.1317892
765.3601073	848.0141384
765.7491178	761.2274049
766.0275917	761.0366991
766.745825	760.5448351
766.7673322	760.5301065
766.8252135	860.467666
766.9323203	860.6288692
767.0945078	760.3060485
767.1428222	760.2729616
767.5925903	759.9649492
767.8926666	741.7868283
768.0254862	862.2741591
768.2876142	759.4889796
768.3092238	862.7012037
769.3364932	864.2473149
769.3475957	847.6328166
769.7293808	847.5963067
769.9245652	742.5789845
769.9890797	742.6041361
77.56911689	196.9959843
770.3910844	758.048471
770.4708136	757.9938706
770.4994609	865.9976615
770.5786462	866.1168408
770.7749567	742.9105182
770.8234738	866.4853232
771.0255563	866.7894713
771.1808304	743.0687522
771.4512031	743.1741597
771.5410522	847.4230573
771.6331599	867.7039565
771.8952053	757.0184118
772.0023351	756.9450466
773.016137	756.2507699
773.2803159	743.8872578
773.3517858	870.2906069
774.3616813	871.8105693
774.6567442	872.2546593
774.8394814	847.1076299
774.9595156	754.9198961
775.0340228	872.8224896
775.5029702	873.5282878
775.6363276	754.4563984
775.7552309	754.3749705
775.7922964	754.3495872
775.8642169	754.3003342
775.9122172	744.9133311
776.5227246	846.946662
777.0391613	875.8403612
777.1635126	846.8853838
777.4368146	846.859248
777.4897277	876.5184947
777.7229408	745.61926
777.8785	877.1036238
778.017846	877.3133491
78.29938862	196.9121572
780.9189475	746.8652555
780.9393378	746.8732049
780.976097	881.7657208
781.3818314	750.521735
781.5455235	846.4663339
781.6838096	747.1634447
781.9924467	747.2837701
782.4069254	883.919216
782.517935	749.7437031
782.8382334	884.5683643
783.349926	747.8129971
783.3793414	747.824465
783.7824846	747.9816344
784.0892155	846.2230817
784.5570598	748.2836104
784.6450729	846.1699253
784.8087455	887.5341207
784.8285111	748.1613632
785.2295359	747.8867315
786.2576684	748.9466098
786.5665254	746.9711279
786.852301	890.6098126
786.9704575	890.7876463
787.0046333	845.9442815
787.1299815	845.9322945
787.742439	891.9495316
788.2431057	745.8229642
788.6578362	749.8823395
789.0539143	750.0367546
789.3467959	745.0671298
789.4319389	894.4923454
789.591868	894.7330497
789.755576	744.787187
789.8004667	895.0470051
79.2355079	200.4102663
79.29013805	196.7984301
790.108497	895.510612
790.2484591	845.6340758
790.31248	895.8176205
790.3434821	744.3845743
790.5310485	896.146581
790.9486508	896.7751013
791.2320748	750.8859324
791.4614231	897.546859
791.9926639	898.3464129
792.9336224	845.3772948
793.188668	742.4361204
793.2494833	751.6724395
793.5871487	900.7462224
794.5093473	845.2266089
794.6534888	741.4329748
794.7031769	741.3989472
794.9301443	741.2435143
795.2499287	845.1557874
795.2936061	845.1516105
795.3169777	752.4784731
795.5142976	740.8434717
795.6590803	740.7443209
795.6651012	752.6141926
795.6955717	903.9195444
796.1733737	740.3921199
796.7808519	905.5529657
796.9768235	844.9906452
797.3527623	753.2721443
797.3541737	739.5834789
797.9242845	907.2739106
798.1282095	907.5808318
798.1926149	907.6777663
798.4441229	908.0563032
798.7386493	908.4995858
799.2146679	844.7766411
799.6695234	909.9006154
799.8775784	737.8553888
80.22577341	200.465833
800.3721526	910.9581207
800.4333389	737.4747901
800.4494314	911.0744307
800.5320836	737.4071673
800.7446546	911.518762
801.1874461	912.1851936
801.4980977	754.8882452
801.6481769	912.8786253
801.6684321	912.9091108
802.1228209	755.1317999
802.7195919	755.3644571
803.6220673	755.7162962
804.7218793	844.2499887
805.134167	734.2555465
805.3341361	734.1186027
806.2010488	756.7217382
806.2774574	919.8460114
806.3330787	919.9297253
806.5976834	920.3279736
806.6401127	844.0665489
807.1899105	732.8477224
807.2480518	921.3068229
808.2728753	843.9104085
808.5092045	731.9442371
808.8953468	731.6797973
809.1026478	731.5378324
809.1751169	924.2071887
809.3989357	924.5440514
809.4776781	731.2810024
809.5493778	758.0271181
809.5527365	843.7880159
809.5784881	843.7855533
809.8723343	758.153026
81.36882467	200.529973
81.57362015	196.5363115
81.68926287	200.5479538
81.89845997	200.5596925
810.3188593	925.9285997
812.3231204	759.1084897
812.4893801	759.1733077
812.7243572	759.264916
812.9085669	929.826288
813.1653774	930.2128056
813.2603162	759.473865
813.8222587	843.3797233
813.9459957	843.3678904
814.0123831	843.3615418
814.3344564	843.330742
814.4820264	727.8539006
814.5584818	932.3095238
814.5699109	843.3082256
815.3137278	727.2843308
815.3412763	933.4876833
815.7855523	934.1563493
817.0277444	936.0259341
817.0431039	760.948623
817.0613328	843.069972
817.1819466	936.2580189
817.2992958	725.9245646
817.9802763	937.4595602
818.3480711	761.4573776
819.1989558	724.6236303
819.2606519	724.5813793
819.2917149	939.4333657
82.486036	200.5926631
82.93026974	200.6175904
820.0197994	762.1091178
820.1377292	940.4870635
820.2072093	940.2154117
820.2124177	762.184212
820.3225378	939.7645028
820.3826729	939.5293878
820.4655216	842.7444309
820.6747027	938.3876155
821.042206	762.5077134
821.1444621	936.5509597
821.4313295	935.4293717
821.8561991	762.8250568
821.8880929	933.6435273
822.2027849	932.4131508
822.4933886	931.2769546
822.5579533	722.3233056
822.5858514	842.5416646
822.7499763	930.2737531
822.9729441	842.5046471
823.072226	929.0138279
823.1218422	928.8198395
823.1442916	842.4882612
823.1511336	928.7053166
823.2214692	763.3573211
823.6536404	926.7406257
823.8144646	926.1118385
824.2414084	721.1704337
824.6485155	922.8508833
824.6647551	922.78739
824.6784783	922.7337352
824.7514734	922.4483404
824.8520856	922.0549692
825.1415878	920.9230793
825.4027878	919.9018448
825.4134757	919.8600575
825.8368847	918.2046215
825.8787206	918.0410526
825.8832736	918.0232513
826.1006656	764.4798049
826.1293936	917.0609763
826.1361707	917.0344792
826.227461	916.6775544
826.4465557	915.8209423
826.6003008	915.2198327
826.8425453	914.2727104
826.9112128	764.795805
826.9171707	913.9809415
827.1302456	913.1478654
827.3957838	912.1096698
827.4952661	911.7207159
827.5048679	718.9355358
827.5102166	911.6622628
827.5450322	911.5261414
827.6455992	911.1329465
827.7108111	910.8779825
828.06846	842.0173651
828.081403	909.4290496
828.0863013	909.4098983
828.4862965	907.8460055
828.712819	906.9603522
828.9806995	765.6026153
829.1226194	905.3581229
829.2030486	841.9088648
829.3450793	904.488354
829.3664102	904.4049548
829.4444377	904.0998846
829.4608813	904.0355935
829.5473816	841.8759364
829.8119777	902.662884
829.8749846	902.4165409
829.9260368	841.8397258
829.9537318	902.1086567
83.32771827	200.6398924
830.3294416	766.128436
830.3805012	766.1483421
830.6593941	899.3496728
830.8717304	898.5194844
830.9939433	841.7376023
831.0214651	897.9340549
831.129194	897.5128588
831.2438359	897.0646342
831.8738707	894.6013367
831.9280999	894.3893125
832.1136406	766.824024
832.3489904	892.7437235
832.3554213	892.7185799
832.7763627	891.0727921
832.8536409	715.2725634
832.8671745	715.2632952
832.9296297	890.4735517
833.2933256	889.0515811
833.3137369	714.9574782
833.4153478	888.5745012
833.4295921	888.5188091
833.4892416	888.2855928
833.6068749	887.8256723
833.7477677	887.2748127
833.7595482	887.2287533
833.8289353	714.6046576
833.844324	714.594119
833.9315298	767.5327465
833.9971944	886.299609
834.097302	714.4208734
834.1054471	885.8763649
834.1897263	714.3575789
834.4549189	841.4066307
834.5808198	841.3945908
834.6483108	767.8121908
834.8939443	713.875313
834.9858726	713.8123582
835.2923336	881.2359003
835.8228018	879.1618866
835.9376776	841.2648351
836.0767975	878.1688192
836.1715454	877.7983759
836.1924622	877.7165959
836.4622925	876.6616189
836.4858956	768.5285918
836.8000206	768.6510566
836.8903484	874.9880144
836.9404267	874.7922196
837.2798867	873.4650059
837.329394	873.2714431
837.8599765	871.1969823
838.176093	869.9610365
838.1947128	869.8882374
838.2462527	711.579569
838.2884098	869.5219024
838.562322	769.3381076
838.8040841	711.1975523
838.8134046	711.1911693
838.8536284	867.3120226
838.9379631	866.9822925
838.9399782	711.1044886
838.9466478	866.9483373
839.2810483	865.6409047
839.3023368	710.8563364
839.3042565	710.8550218
839.5933359	864.4199291
839.9136475	863.1675813
84.00682756	196.2570061
84.11977884	196.2440405
84.44998683	196.2061363
840.0537373	769.919551
840.1955066	769.9748211
840.2044337	862.0306714
840.5083787	860.8423135
840.7237519	840.8071448
840.7811036	770.2031221
840.975714	859.0151354
841.3630458	857.5007534
841.4729395	857.0710933
841.6395809	856.4195621
841.6982453	856.1901973
841.7198022	840.711893
841.968297	855.1343548
842.0581814	854.7829264
842.194451	770.7541299
842.3336475	853.7059149
842.4687157	853.1778278
842.6945411	852.2949004
842.8931431	851.5184101
843.2060813	850.2948908
843.2395438	850.1640597
843.3451669	849.7510967
843.3981716	771.2234125
843.4511886	849.3365753
843.5103032	707.9746167
843.5563715	707.943068
843.7036807	848.349387
843.7116063	848.3183994
843.8277052	771.3908705
843.8506985	847.7745795
843.8972582	771.4179864
844.4320542	840.4525214
844.7137583	771.7363072
845.0315328	843.1577779
845.1836804	842.5629143
845.2296916	771.937449
845.2580333	771.9484984
845.3675751	841.8439263
845.4117521	841.6712041
845.5678989	841.0607047
845.875454	839.8582319
846.0941126	839.003325
846.3529587	706.0278957
846.484077	837.47865
846.7354452	840.2322491
846.8707957	840.2193056
847.011135	835.4179694
847.0145626	835.4045681
847.1779239	840.1899351
847.2875546	834.3372298
847.3130096	834.2377063
847.4090793	833.8620949
847.5719737	833.2252139
847.7529364	832.5176896
847.9100156	831.9035443
847.9102838	831.9024956
848.0050572	704.8964977
848.3728897	704.6445969
848.3742617	773.1633915
848.4819207	829.6675215
848.555195	829.3810351
848.5903663	704.4956635
848.6298726	829.0890621
848.7182398	828.7435659
848.756413	828.5943169
848.8656383	704.3071504
849.1562303	827.0311196
849.1865039	704.0874137
849.2403221	826.7023392
849.4469698	825.8943923
849.5490435	825.4953065
850.0157899	823.6704311
850.2271791	822.8439456
850.2532406	822.7420511
850.2532775	703.3568607
850.3064044	703.3204781
850.5461976	821.5966537
850.550548	821.5796445
850.5770508	774.0221711
850.5885328	821.4311323
850.6063857	839.8620727
850.8006266	820.6018923
850.869488	820.3326597
850.9433938	839.8298448
851.2162332	818.9769623
851.4695635	817.9864964
851.4959296	817.8834109
851.5328751	774.3948088
851.5556076	839.771299
851.6632851	817.2290877
851.6695354	702.3869721
851.698634	702.3670447
852.3005438	814.7375467
852.3360432	814.5987518
852.4406363	774.7487087
852.4719686	814.0673136
852.553486	701.7816209
852.5789784	839.6734345
852.7607876	812.938095
852.7770421	812.8745433
852.8721004	701.5634258
852.8981208	701.5456064
853.2153577	811.160826
853.4712017	810.1605324
853.6744547	809.3658579
853.7870833	808.9255049
854.1628173	807.4564678
854.2370116	807.1663846
854.3044022	806.9029019
854.3144124	806.8637642
854.6345672	805.6120296
854.7974217	700.2449181
854.8254651	804.8656608
854.9553611	804.3577963
854.9611923	804.3349975
855.0057569	804.1607596
855.1064262	803.7671648
855.2261325	839.4202883
855.2780438	775.8549007
855.3952441	802.6379507
855.4413927	802.4575198
855.7041037	776.0210045
855.863345	800.8077793
856.222103	699.269261
856.3580095	839.3120473
856.4065477	699.1429486
856.6546844	797.7138165
856.6553462	698.9725653
856.7367013	797.3931487
856.7898029	797.1855331
856.8717105	796.8652924
856.9000885	698.8049597
856.9066498	796.7286875
856.9516118	796.5528957
857.2061918	839.230936
857.2264375	839.2289999
857.2515657	795.3801423
857.3603209	794.9549336
857.4108477	794.7573846
857.5561571	794.1892569
858.3191514	791.2061175
858.5720076	777.1390858
858.6451564	789.9315098
858.6939561	777.1866286
858.8870837	697.4442161
858.9453711	697.4042995
858.9852943	788.6016455
859.1913193	777.3805307
859.2436703	787.5914523
859.2722531	777.4120836
859.587152	786.2485146
859.588509	696.9638627
859.6389536	786.0459817
859.7153474	785.7472989
859.8374467	777.63243
86.14108936	200.797759
86.2358056	196.001144
860.1422794	777.7512721
860.3494277	783.2681846
860.4761095	696.3560118
860.5106401	782.6378796
860.5419754	777.9070976
860.6239189	782.1949846
860.6835748	696.2139344
861.1563631	780.1132449
861.169105	780.0634269
861.2244495	695.84353
861.372538	695.7421153
861.4326426	779.0330532
861.4437561	778.258666
861.5874406	695.5949447
861.598225	778.3856625
861.6623018	778.1351363
861.6845207	695.5284619
861.7557157	778.3802866
861.8297447	695.4290088
861.8754789	695.397689
862.0099988	776.7757174
862.1171468	778.5211941
862.1774391	838.7555377
862.1913672	776.0666072
862.3057514	695.1030277
862.3913437	775.2847429
862.4334139	775.1202578
862.5640012	774.6096901
862.5744522	774.568829
862.5804055	774.545553
862.7026243	774.0677043
863.0206272	772.824383
863.2433636	771.9535329
863.4205853	771.260635
863.764851	769.9146321
863.8180579	838.5986461
863.9807006	769.0707079
864.0797033	768.683629
864.1012283	768.5994711
864.1702712	768.3295286
864.5091229	693.5941042
864.8668927	765.6058919
864.9599737	765.2419657
865.0056519	765.063374
865.0183849	765.013591
865.7006349	692.7781272
865.8362133	779.9711098
866.0161316	761.1126213
866.037885	780.0497335
866.0757747	760.8794299
866.0767122	760.8757643
866.2031326	780.114157
866.2704511	760.118288
866.3114547	759.9579729
866.4548481	838.3464909
866.5567386	758.998967
866.854213	757.8359075
866.9340281	691.933469
867.0117262	757.2200656
867.0438273	838.2901671
867.2703782	756.2087934
867.2775234	756.1808573
867.3776816	755.7892609
867.5355937	780.6336304
867.6296417	754.8041523
867.7891277	838.2188943
867.8532925	838.2127583
867.899508	691.2722844
867.9720118	753.4655608
868.0876279	691.1434553
868.869747	749.9556138
869.3174578	690.3012372
869.6535064	746.8912873
869.6943881	746.7314487
87.53294869	200.8758603
87.71748477	195.8310636
87.98654042	200.9013127
870.0187163	745.4633971
870.1722543	781.6615592
870.1798932	744.833231
870.7147651	742.7419995
870.7234865	742.7079008
870.7587615	781.890215
870.9412395	741.8565347
871.1696632	740.9634485
871.1964045	740.8588958
871.2736568	740.5568563
871.3456123	740.275526
871.6695353	739.0090586
871.8049653	738.4795572
871.8526848	738.2929843
871.8529981	738.2917595
871.9033874	738.0947483
871.9574557	737.8833533
871.9986445	737.7223142
872.1454972	737.1481526
872.21069	736.8932632
872.31802	736.4736264
872.7009349	734.9765133
872.7937962	782.6835938
872.9078494	734.1675236
872.9305459	734.0787851
872.9375076	734.0515665
873.2920583	687.5793322
873.5269539	731.7469611
873.5322723	731.7261673
873.7091518	731.0346078
873.7379623	730.9219647
873.7748105	730.7778966
873.8583586	687.1915157
873.9155262	730.2277293
873.9402066	730.1312344
874.3735731	728.4368669
874.3819192	728.4042354
874.3842212	783.3036371
874.5642186	727.6914848
874.6161283	727.4885296
874.7962094	726.7844521
874.872748	686.4968367
874.8864327	783.4994293
875.0020492	725.9796639
875.0200283	725.9093696
875.0607905	725.7499981
875.0749175	837.5221573
875.1629028	725.3507617
875.7228206	723.1616062
875.8827649	722.5362593
875.9895442	722.1187759
876.0465021	721.896083
876.1424167	721.521078
876.2356654	685.5634771
876.3285917	685.4998389
876.3593492	720.6729198
876.3742584	720.6146282
876.6517625	719.5296484
876.7712298	719.0625575
876.8628539	718.7043276
876.9936121	718.1930917
877.0536772	717.9582504
877.3227968	684.8189826
877.3461578	837.3049596
877.4254055	716.5048747
877.494926	784.5163767
877.5006319	684.6971967
877.5142793	716.1573975
877.5154792	684.6870289
877.6169547	715.7559596
877.9193636	784.681848
877.9543283	714.4369033
877.9827596	784.7065636
878.124325	713.7722535
878.1293749	784.7637231
878.6506792	711.7143244
879.0461375	683.6387961
879.0858662	710.0128392
879.2313276	709.4441172
879.2679158	837.1211827
879.455885	785.2808764
879.4711128	708.50661
879.6237606	707.9097906
879.7370455	785.3904897
879.7868183	707.2722712
879.8386626	707.0695714
88.01258053	200.9027739
88.88454226	200.9517023
880.0196119	682.9721367
880.2114848	682.8407374
880.3847643	704.9344341
880.4152068	704.8154104
880.4991187	704.4873336
880.611663	704.0473099
880.7494093	836.9795081
880.7650267	682.4616582
880.7675775	785.792253
880.7734192	703.4148789
880.7891197	785.8006515
880.8232642	703.219996
880.8284578	703.1996901
880.8851836	682.3793717
880.9497578	702.7254339
881.163948	785.9467821
881.3546892	701.1422415
881.3945723	700.9863071
881.5743264	700.2835083
881.7719727	681.7720765
881.8448625	786.2122435
881.8484707	699.2116643
882.0856553	836.8517234
882.1699133	295.5532657
882.4692257	696.7846493
882.6177724	681.1928519
882.6940539	695.9056206
882.8167522	695.4258973
882.9348522	694.9641523
883.0049332	694.6901512
883.4477901	680.6244353
883.7908173	691.6175173
883.7918836	691.6133483
883.8184565	691.509454
884.3767176	787.1993127
884.7484013	687.8735751
884.7906645	687.708335
884.8154822	291.5706942
884.9233545	687.1895467
884.9284775	787.4144219
884.9790667	686.971724
885.1178926	686.4289453
885.1253193	686.3999088
885.3149993	297.69607
885.6221163	684.4575417
885.6668399	684.2826824
886.0186362	682.9072364
886.1741949	682.2990363
886.2168269	787.916698
886.2756908	681.9022098
886.3143143	681.7512004
886.6875388	680.2919748
886.9322337	678.2382019
887.013867	679.0161035
887.3857633	268.0500374
887.4689955	836.3369169
888.1603955	788.6744178
888.2199269	836.2651056
888.2883483	788.7243015
888.3727483	836.2504914
888.5931926	278.1376597
888.8693616	788.9508154
889.1806743	789.0721838
89.01593704	195.6820156
89.12740813	200.9653302
89.65190072	200.994761
89.91514524	195.5787964
890.6000644	270.2453796
891.2249119	835.9777401
891.519216	298.9705291
892.2006647	790.2495576
892.4808763	790.358801
892.5301407	299.1781915
892.8078422	299.8516265
893.3598266	301.5062549
893.5005309	790.7563236
894.1469655	791.0083426
894.1842011	273.0345409
894.3566496	273.1687397
895.0222263	791.3495719
895.4883846	835.570026
896.5284286	274.8588097
896.884258	835.4365393
898.2339696	313.0062805
898.9152827	310.8633318
898.9489877	310.7573186
899.8764483	835.1503974
899.9594202	835.1424628
90.46566351	195.5156029
90.72648041	195.485664
900.3123867	306.4689905
900.9172339	272.8006384
901.0465399	793.6982114
901.6416038	272.2101946
902.0407985	794.0858332
902.3076245	300.1933261
902.4010896	794.2262963
903.2076644	298.9184184
903.4629171	270.7256172
903.4853981	270.7072926
903.7284143	298.7960674
903.8656128	834.7689152
904.8628886	834.6735462
905.7317973	284.1503247
905.8041284	283.4725897
906.120949	834.5532384
906.2298742	795.7189867
906.557649	276.412183
906.9623047	272.6206028
907.1542673	286.5749819
907.427008	268.2663824
907.4453062	268.09493
907.4750511	267.4552719
907.480583	267.7643906
907.5831754	796.2465849
907.5934728	287.2113757
907.6543818	287.2996308
908.1794915	297.7502799
908.2248695	796.4967558
908.5246128	834.323377
909.4868783	297.4431073
909.8668603	297.3538299
910.6447594	297.1710613
910.9471154	797.5580508
911.0483422	797.5975152
911.6971133	797.8504451
911.9751115	293.5602208
912.0263922	293.6345246
912.348065	425.4703216
912.5356209	798.1773458
912.6845869	833.9255605
912.8079178	798.2835035
913.2864809	833.8680016
913.4972416	427.3695467
913.9994003	833.7998254
914.2850544	427.382416
914.4333179	798.9171821
915.3585352	799.2778875
915.9746294	799.518078
916.0210765	427.4107746
916.372029	799.6730083
916.5831389	421.6729742
916.7351502	405.7815331
917.056627	406.5530261
917.2948748	421.0348015
917.5454752	800.1304881
917.6667171	427.4376568
917.6815351	405.2465356
918.0478555	833.4126733
918.1847485	800.3797153
918.7270862	800.5911511
918.7457248	833.3459364
919.7298728	833.2518227
919.7328685	412.975579
919.9452797	405.8645136
92.98536643	195.2263688
920.0666746	801.1134032
920.2534804	801.1862313
920.9283946	801.4493534
921.0570449	416.1533913
921.2042578	416.5066789
921.422728	801.6420743
921.9706467	427.5079633
922.1731541	427.5112714
922.2540077	833.0104408
922.4760915	427.51622
922.9403059	832.9448104
924.7146989	802.9254824
926.2490652	407.5853794
926.9652368	803.8028774
927.1532291	832.5419303
927.1661499	803.8812054
927.7659701	804.1150514
928.2848559	804.3173442
928.6024609	428.0372938
929.8242052	408.5613542
93.98331048	195.1118158
930.0942016	805.0227359
930.4797814	832.2238135
930.5742555	832.214779
930.6892127	408.797492
931.2134104	430.9061554
931.2819969	408.9593157
931.378032	805.5232502
931.8398306	431.5944539
931.8941919	409.1264384
932.1260694	805.8148801
933.2924148	433.1905257
933.7930538	433.7406184
934.4480637	806.7201331
934.5893535	806.7752163
935.0989528	806.9738888
935.7993526	807.2469467
935.8469778	435.9974308
935.9800092	436.1436033
936.7033349	831.6286577
937.1687945	437.4498178
937.6106224	807.9530885
938.1323042	808.1564715
938.8561195	808.4386582
938.9588536	808.4787101
939.0374602	406.5165152
939.4155666	435.580625
939.4398998	831.3669611
940.0416723	434.2933324
940.1152201	831.3023806
940.9860236	405.5450452
941.2648784	431.778383
941.5400411	431.2126399
942.0886723	809.6989016
942.4083828	429.4273026
942.9031828	810.0164467
943.3038083	810.1726346
943.3787123	830.9902942
943.6811171	426.8105216
945.790841	830.7596233
945.9298227	403.0802792
946.0940192	811.2604265
947.0810927	413.8497374
947.1401964	412.9683925
947.3296214	425.5642245
947.4981803	407.6301972
948.0790954	415.5983542
948.161141	812.0663148
949.0872528	425.2195507
949.7407687	812.6821486
95.04287068	201.2972644
950.6556313	813.0388171
950.7504816	417.0635753
951.3817429	424.7695981
951.5169324	37.36293568
951.5383016	37.33880783
951.5592123	37.31519762
951.7943564	41.96031317
951.8069698	424.6862105
951.8998956	42.0427964
952.8147563	42.75779796
953.0448731	830.0659233
953.0995707	813.9916115
953.1249167	814.0014929
954.0391308	34.51512849
954.1033087	814.3829289
954.2522086	829.9504663
954.4753686	44.0556352
954.5968362	44.15056722
955.0311503	424.0539444
955.035362	419.4137774
955.3212676	814.8577625
955.5145592	44.86780574
955.7589356	815.0283918
955.9286688	829.7901471
956.2123166	815.205147
956.2997579	829.75466
956.4978498	31.73899583
956.6657877	829.7196567
956.6693693	815.3833336
957.0888173	829.6792026
957.2292648	46.20791913
957.3072934	815.6320348
957.387661	815.6633669
958.2301643	27.92782493
958.2340857	27.82305602
958.2729575	816.0085087
958.2851708	26.45817369
958.3036041	25.96567763
958.4109183	23.09847774
958.4455195	22.17400966
958.5947577	18.18669513
958.7260918	14.67773583
958.8914165	48.06399755
958.945176	10.06906895
959.4565469	52.99940027
959.531264	829.4456324
959.7011747	421.9729161
959.8108509	423.1166387
959.8361327	56.31440418
959.8645253	56.56236213
959.8847928	829.4118246
96.68848356	201.3896046
96.78380667	194.7903498
96.91396207	194.7754093
960.1508658	12.12631063
960.2186339	59.65486742
960.4465005	829.3581088
960.5556583	62.59817318
960.6131751	829.3421697
960.7917986	64.66043648
960.8980004	65.58791953
960.9117527	65.70802094
961.1070215	817.1133972
961.198792	13.91436375
961.5073775	65.86225038
961.5983255	829.2479602
961.8772687	829.221285
962.810611	817.7775587
962.9023425	817.8133212
963.2884038	17.47982188
963.5669825	61.1614892
963.9071344	818.2050495
964.4683151	19.49307809
964.5719615	19.66992779
964.7048732	818.516056
964.7229373	58.52318359
965.1872906	818.7041313
965.2308674	20.7942042
966.1195913	828.8155935
966.2716677	22.57009853
966.5185095	828.7774451
966.8009849	23.14465649
967.9436683	22.60152592
968.2762599	819.9083972
969.216831	820.2750884
969.5908418	21.81860548
969.6001203	820.4245176
969.8797318	820.533527
97.6482898	194.6911166
970.5720826	820.8034469
970.725584	828.3751243
970.7903719	828.3689287
971.1956079	828.3301762
971.6011067	20.86310348
972.102699	828.2434314
972.4419996	821.5324529
972.5287667	821.56628
972.6927235	20.34424548
973.0539034	821.7710098
973.1715244	821.8168656
973.2771376	20.06646675
973.3464632	821.8850672
973.4007305	33.00300446
973.4280062	52.74502937
973.4596019	39.46689346
973.5693931	828.1031721
973.7826109	40.46550335
973.8707235	822.0894554
974.1948454	29.50443192
974.9698738	822.5179702
975.3029641	45.16580364
975.6132941	18.95606472
976.2425915	48.07074136
976.3153507	20.16227968
976.3205126	48.31164099
976.3717275	19.91390464
976.4691982	48.77131522
976.8939307	50.08441146
977.1555528	827.7602291
977.4571405	53.50223494
977.5818067	823.5362587
977.8691226	53.09929987
977.9718608	53.4169236
978.0245325	53.60886639
978.7651982	827.6062994
979.0204986	824.0971472
979.1478952	827.5697023
979.3342094	827.5518851
979.4684161	827.539051
98.19082893	201.4739056
98.68922027	201.5018718
98.96563174	201.5173821
981.1738787	827.3759583
981.1883907	827.3745705
982.0584255	827.2913695
982.1795084	827.2797904
982.2536216	827.272703
982.7885074	827.2215521
983.1242579	825.6970393
983.2542886	825.7477331
983.2647657	827.1760077
983.8409005	825.9764297
984.2309345	826.1284883
984.9911013	827.0109189
99.15469187	201.5279908
99.27227584	201.5345888
99.51930045	201.5484501
